# This is the dataset file 
# It contains the closing price of stocks of apple, microsoft, HPQ, google
# It was obtained from yahoo.com

date	       apple	microsoft	HPQ	google
26/05/2015	129.62	46.59	33.38	547.19
22/05/2015	132.54	46.9	34.76	554.52
21/05/2015	131.39	47.42	33.83	556.81
20/05/2015	130.06	47.58	33.07	552.51
19/05/2015	130.07	47.58	33.4	549.28
18/05/2015	130.19	48.01	33.25	546.67
15/05/2015	128.77	48.295	33.6	546.49
14/05/2015	128.95	48.72	33.7	549.2
13/05/2015	126.01	47.625	33.3	539.49
12/05/2015	125.865	47.35	32.92	538.73
11/05/2015	126.32	47.37	33.7	545.78
8/05/2015	127.62	47.75	33.41	548.95
7/05/2015	125.26	46.7	32.82	542.04
6/05/2015	125.01	46.28	32.5	535.08
5/05/2015	125.8	47.6	33.16	543.045
4/05/2015	128.7	48.24	33.65	552.84
1/05/2015	128.95	48.655	33.8	551.16
30/04/2015	125.15	48.64	32.97	548.77
29/04/2015	128.64	49.06	33.32	561.39
28/04/2015	130.56	49.155	33.24	564.37
27/04/2015	132.65	48.03	33.07	566.12
24/04/2015	130.28	47.87	33.26	573.66
23/04/2015	129.67	43.34	33.38	557.46
22/04/2015	128.62	42.985	33.51	549.18
21/04/2015	126.91	42.635	33.21	542.925
20/04/2015	127.6	42.905	33.41	544.53
17/04/2015	124.75	41.615	32.53	532.74
16/04/2015	126.17	42.16	32.81	543.52
15/04/2015	126.78	42.255	33.04	541.04
14/04/2015	126.3	41.65	32.52	539.78
13/04/2015	126.85	41.76	32.7	548.64
10/04/2015	127.1	41.72	32.11	548.54
9/04/2015	126.56	41.48	31.55	548.02
8/04/2015	125.6	41.42	31.52	548.84
7/04/2015	126.01	41.53	31.42	544.86
6/04/2015	127.35	41.545	31.83	543.95
2/04/2015	125.32	40.29	31.4	541.31
1/04/2015	124.25	40.72	31.29	549.49
31/03/2015	124.43	40.655	31.16	554.7
30/03/2015	126.37	40.96	31.57	561.135
27/03/2015	123.25	40.97	31.49	557.55
26/03/2015	124.24	41.21	32.01	563.64
25/03/2015	123.38	41.46	32.2	567
24/03/2015	126.69	42.9	33.31	577.54
23/03/2015	127.21	42.855	33.45	565.37
20/03/2015	125.9	42.88	33.28	564.95
19/03/2015	127.495	42.285	32.84	563.67
18/03/2015	128.47	42.5	33.03	566.16
17/03/2015	127.04	41.695	32.43	557.61
16/03/2015	124.95	41.56	32.38	561.64
13/03/2015	123.59	41.38	32.43	553
12/03/2015	124.45	41.02	32.72	561.17
11/03/2015	122.24	41.98	32.61	555.69
10/03/2015	124.51	42.03	32.67	559.85
9/03/2015	127.14	42.85	32.95	574.1
6/03/2015	126.6	42.36	33.18	572.9
5/03/2015	126.41	43.11	34	581.435
4/03/2015	128.54	43.055	34.19	578.33
3/03/2015	129.36	43.28	34.57	578.795
2/03/2015	129.09	43.88	34.92	575.02
27/02/2015	128.46	43.85	34.84	562.63
26/02/2015	130.415	44.055	34.01	559.29
25/02/2015	128.79	43.99	34.67	547.33
24/02/2015	132.17	44.09	38.49	538.65
23/02/2015	133	44.15	38.19	535
20/02/2015	129.495	43.855	38.39	541.8
19/02/2015	128.45	43.5	38.38	546.45
18/02/2015	128.715	43.53	38.15	542.65
17/02/2015	127.83	43.58	38.53	545.01
13/02/2015	127.08	43.87	38.56	551.16
12/02/2015	126.46	43.09	38.37	546.01
11/02/2015	124.88	42.38	38.18	538
10/02/2015	122.02	42.6	37.89	540.16
9/02/2015	119.72	42.36	37.64	529.28
6/02/2015	118.93	42.41	37.95	533.875
5/02/2015	119.94	42.45	37.95	529.83
4/02/2015	119.56	41.84	37.9	526.1
3/02/2015	118.65	41.6	37.77	533.3
2/02/2015	118.63	41.28	36.47	532.2
30/01/2015	117.16	40.4	36.13	537.55
29/01/2015	118.9	42.01	37.74	513.23
28/01/2015	115.31	41.19	37.16	512.43
27/01/2015	109.14	42.66	37.36	521.19
26/01/2015	113.1	47.01	38.84	536.72
23/01/2015	112.98	47.18	40.08	541.95
22/01/2015	112.4	47.13	40.06	537.3
21/01/2015	109.55	45.92	38.57	520.39
20/01/2015	108.72	46.39	38.62	509.94
16/01/2015	105.99	46.24	38.34	510.455
15/01/2015	106.82	45.48	38.19	504.01
14/01/2015	109.8	45.955	39.46	505.93
13/01/2015	110.22	46.355	39.81	501.8
12/01/2015	109.25	46.6	39.92	497.06
9/01/2015	112.01	47.19	40.67	500.72
8/01/2015	111.89	47.59	40.68	506.91
7/01/2015	107.75	46.23	39.73	505.15
6/01/2015	106.26	45.65	39.27	506.64
5/01/2015	106.25	46.325	39.57	519.46
2/01/2015	109.33	46.76	40.24	529.55
31/12/2014	110.38	46.45	40.13	530.66
30/12/2014	112.52	47.02	40.72	535.28
29/12/2014	113.91	47.45	40.71	537.31
26/12/2014	113.99	47.88	40.7	541.52
24/12/2014	112.01	48.14	40.54	536.93
23/12/2014	112.54	48.45	40.36	538.77
22/12/2014	112.94	47.98	39.8	532.3
19/12/2014	111.78	47.66	39.9	520.04
18/12/2014	112.65	47.52	39.82	514.62
17/12/2014	109.41	45.74	38.65	506.45
16/12/2014	106.745	45.16	37.32	498.16
15/12/2014	108.225	46.67	37.61	515.84
12/12/2014	109.73	46.95	38.01	521.51
11/12/2014	111.62	47.17	38.47	532.11
10/12/2014	111.95	46.9	37.36	528.04
9/12/2014	114.12	47.59	38.2	536.11
8/12/2014	112.4	47.695	38.46	530.73
5/12/2014	115	48.42	39.55	528.08
4/12/2014	115.49	48.84	39.07	542.58
3/12/2014	115.93	48.08	39.05	536.97
2/12/2014	114.63	48.46	38.95	538.59
1/12/2014	115.07	48.62	38.56	539.65
28/11/2014	118.93	47.81	39.06	549.08
26/11/2014	119	47.75	39.16	547.73
25/11/2014	117.6	47.47	37.63	549.23
24/11/2014	118.625	47.59	37.5	547.48
21/11/2014	116.47	47.98	37.26	545.89
20/11/2014	116.31	48.7	36.93	543.76
19/11/2014	114.67	48.22	37.18	547.2
18/11/2014	115.47	48.74	37.5	544.51
17/11/2014	113.99	49.46	37.41	546.64
14/11/2014	114.18	49.58	36.92	555.19
13/11/2014	112.82	49.61	36.36	556.44
12/11/2014	111.25	48.78	36.51	558.25
11/11/2014	109.7	48.87	36.76	561.29
10/11/2014	108.83	48.89	36.9	558.23
7/11/2014	109.01	48.68	36.38	551.82
6/11/2014	108.7	48.7	36.15	551.69
5/11/2014	108.86	47.86	36.18	555.95
4/11/2014	108.6	47.57	35.9	564.19
3/11/2014	109.4	47.44	35.86	563.77
31/10/2014	108	46.95	35.88	567.87
30/10/2014	106.98	46.05	35.32	560.27
29/10/2014	107.34	46.62	35.38	558.45
28/10/2014	106.74	46.49	35.54	558.94
27/10/2014	105.11	45.91	35.3	549.88
24/10/2014	105.22	46.13	34.93	548.9
23/10/2014	104.83	45.02	34.94	553.65
22/10/2014	102.99	44.38	34.49	542.69
21/10/2014	102.47	44.88	34.74	538.03
20/10/2014	99.76	44.08	33.82	532.38
17/10/2014	97.67	43.63	34.16	522.97
16/10/2014	96.26	42.74	34	536.92
15/10/2014	97.54	43.22	32.8	540.73
14/10/2014	98.75	43.73	32.24	548.69
13/10/2014	99.81	43.65	32.69	544.75
10/10/2014	100.73	44.03	33.5	555.19
9/10/2014	101.02	45.85	34.32	570.81
8/10/2014	100.8	46.78	35.92	583.74
7/10/2014	98.75	45.53	35.22	574.1
6/10/2014	99.62	46.09	36.87	587.78
3/10/2014	99.62	46.09	35.2	586.25
2/10/2014	99.9	45.76	34.51	580.88
1/10/2014	99.18	45.9	34.55	579.63
30/09/2014	100.75	46.36	35.47	588.41
29/09/2014	100.11	46.44	34.97	587.81
26/09/2014	100.75	46.41	35.37	587.9
25/09/2014	97.87	46.04	35.27	585.25
24/09/2014	101.75	47.08	35.95	598.42
23/09/2014	102.64	46.56	35.79	591.18
22/09/2014	101.06	47.06	36.47	597.27
19/09/2014	100.96	47.52	36.79	605.4
18/09/2014	101.79	46.68	37.01	597.27
17/09/2014	101.58	46.52	36.67	593.29
16/09/2014	100.86	46.76	36.26	588.78
15/09/2014	101.63	46.24	36.25	581.64
12/09/2014	101.66	46.695	36.56	584.9
11/09/2014	101.43	47	36.76	591.11
10/09/2014	101	46.84	37.03	593.42
9/09/2014	97.99	46.76	36.79	591.97
8/09/2014	98.36	46.47	37.28	601.63
5/09/2014	98.97	45.91	37.58	597.78
4/09/2014	98.12	45.26	37.66	593.14
3/09/2014	98.94	44.96	38.07	589.52
2/09/2014	103.3	45.09	38.05	588.63
29/08/2014	102.5	45.43	38	582.36
28/08/2014	102.25	44.88	37.99	580.32
27/08/2014	102.13	44.87	38.16	583
26/08/2014	100.889	45.005	37.83	588.12
25/08/2014	101.54	45.17	37.15	590.57
22/08/2014	101.32	45.15	36.84	592.54
21/08/2014	100.58	45.22	37	592.42
20/08/2014	100.57	44.95	35.12	595.41
19/08/2014	100.53	45.33	35.48	597.11
18/08/2014	99.16	45.11	35.34	592.7
15/08/2014	97.98	44.79	35.07	583.71
14/08/2014	97.5	44.27	35.59	584.65
13/08/2014	97.24	44.08	35.3	584.56
12/08/2014	95.97	43.52	35.12	572.12
11/08/2014	95.99	43.2	35.2	577.25
8/08/2014	94.74	43.2	35.17	577.94
7/08/2014	94.48	43.23	34.82	571.81
6/08/2014	94.96	42.74	35.04	574.49
5/08/2014	95.12	43.08	35.07	573.14
4/08/2014	95.59	43.37	35.33	582.27
1/08/2014	96.13	42.86	35.19	573.6
31/07/2014	95.6	43.16	35.61	579.55
30/07/2014	98.15	43.5785	36.11	595.44
29/07/2014	98.38	43.885	35.94	593.95
28/07/2014	99.02	43.97	35.6	599.02
25/07/2014	97.671	44.5	35.43	598.08
24/07/2014	97.03	44.4	35.04	603.01
23/07/2014	97.19	44.87	34.98	605.19
22/07/2014	94.72	44.83	35.15	603.57
21/07/2014	93.939	44.835	34.52	598.44
18/07/2014	94.43	44.69	34.81	605.11
17/07/2014	93.0899	44.53	34.43	580.82
16/07/2014	94.78	44.08	34.82	590.62
15/07/2014	95.32	42.45	34.15	593.06
14/07/2014	96.45	42.14	34.15	594.26
11/07/2014	95.22	42.09	33.97	586.65
10/07/2014	95.035	41.685	33.85	580.04
9/07/2014	95.39	41.67	33.65	583.36
8/07/2014	95.35	41.78	33.5	578.4
7/07/2014	95.968	41.99	33.87	590.76
3/07/2014	94.03	41.8	34	593.08
2/07/2014	93.48	41.9	33.88	590.78
1/07/2014	93.52	41.87	34.18	591.49
30/06/2014	92.93	41.7	33.68	584.67
27/06/2014	91.98	42.25	33.91	585.69
26/06/2014	90.9	41.72	33.91	584.77
25/06/2014	90.36	42.03	33.59	585.93
24/06/2014	90.28	41.745	33.95	572.54
23/06/2014	90.83	41.99	34.52	574.29
20/06/2014	90.91	41.68	34.22	566.52
19/06/2014	91.86	41.51	34.48	564.99
18/06/2014	92.18	41.65	34.71	560.66
17/06/2014	92.08	41.68	34.91	550.615
16/06/2014	92.2	41.5	34.9	552.3
13/06/2014	91.28	41.23	35.16	560.35
12/06/2014	92.29	40.58	33.39	559.5
11/06/2014	93.86	40.86	33.25	567.5
10/06/2014	94.25	41.11	33.61	568.3
9/06/2014	93.7	41.27	33.74	570.73
6/06/2014	92.2243	41.48	33.84	566.03
5/06/2014	92.4785	41.21	33.87	564.93
4/06/2014	92.1171	40.32	33.76	553.76
3/06/2014	91.0771	40.29	33.69	554.51
2/06/2014	89.8071	40.79	33.43	564.34
30/05/2014	90.4285	40.94	33.5	571.65
29/05/2014	90.7685	40.34	33.64	570.56
28/05/2014	89.1443	40.01	33.35	570.45
27/05/2014	89.3757	40.19	33.1	574.87
23/05/2014	87.7328	40.12	33.72	563.8
22/05/2014	86.7528	40.1	31.78	555.45
21/05/2014	86.6157	40.35	32.52	549.7
20/05/2014	86.3871	39.68	32.8	540.39
19/05/2014	86.37	39.75	33.11	538.83
16/05/2014	85.3585	39.83	32.52	528.3
15/05/2014	84.1171	39.6	32.41	529.12
14/05/2014	84.8385	40.24	32.97	534.41
13/05/2014	84.8228	40.42	33.28	541.54
12/05/2014	84.69	39.97	32.82	538.43
9/05/2014	83.6489	39.54	32.36	526.62
8/05/2014	83.9985	39.64	32.23	520.17
7/05/2014	84.6185	39.425	32.32	518
6/05/2014	84.9157	39.06	32.13	522.57
5/05/2014	85.8514	39.43	32.5	535.33
2/05/2014	84.6543	39.69	32.49	533.87
1/05/2014	84.4971	40	32.64	538.53
30/04/2014	84.2985	40.4	33.06	534.88
29/04/2014	84.6185	40.51	32.96	536.33
28/04/2014	84.87	40.87	32.19	522.98
25/04/2014	81.7057	39.91	31.58	523.1
24/04/2014	81.11	39.86	32	534.44
23/04/2014	74.9643	39.69	31.74	537.51
22/04/2014	75.957	39.99	31.77	545.5
21/04/2014	75.8814	39.94	31.94	539.37
17/04/2014	74.9914	40.01	31.93	543.34
16/04/2014	74.1443	40.4	32.49	563.9
15/04/2014	73.9942	39.75	32.39	548.7
14/04/2014	74.5257	39.18	32.9	545.2
11/04/2014	74.23	39.209	32.45	537.76
10/04/2014	74.7828	39.36	32.8	546.69
9/04/2014	75.76	40.47	32.72	567.04
8/04/2014	74.7771	39.82	32.45	557.51
7/04/2014	74.7814	39.8	32.7	540.63
4/04/2014	75.9743	39.87	32.64	545.25
3/04/2014	76.97	41.01	33	571.5
2/04/2014	77.5071	41.35	33.61	573.39
1/04/2014	77.3785	41.42	33.23	573.2839
31/03/2014	76.6771	40.99	32.36	562.989
28/03/2014	76.6943	40.3	32.04	565.8381
27/03/2014	76.78	39.36	31.93	562.8729
26/03/2014	77.1114	39.79	32.35	571.8089
25/03/2014	77.8557	40.34	32.56	585.3215
24/03/2014	77.0271	40.5	31.63	584.9224
21/03/2014	76.1243	40.16	31.95	597.6066
20/03/2014	75.5285	40.33	31.48	604.7393
19/03/2014	75.8943	39.27	31.62	605.795
18/03/2014	75.9143	39.55	30.56	611.8618
17/03/2014	75.2485	38.05	29.48	602.1832
14/03/2014	74.9557	37.7	29.07	592.4339
13/03/2014	75.8071	37.89	28.91	600.6476
12/03/2014	76.6585	38.27	29.59	609.8614
11/03/2014	76.5843	38.02	29.91	606.1688
10/03/2014	75.8457	37.82	29.9	612.0184
7/03/2014	75.7771	37.9	30.34	613.645
6/03/2014	75.8214	38.15	30.09	616.0798
5/03/2014	76.0514	38.11	29.94	615.3978
4/03/2014	75.8914	38.41	30.12	613.7056
3/03/2014	75.3943	37.78	29.73	607.5327
28/02/2014	75.1771	38.31	29.88	614.0794
27/02/2014	75.3814	37.86	29.75	615.8777
26/02/2014	73.9071	37.47	29.9	616.3627
25/02/2014	74.58	37.54	29.88	616.2768
24/02/2014	75.3643	37.69	29.92	612.4932
21/02/2014	75.0357	37.98	29.79	608.0884
20/02/2014	75.8785	37.75	30.19	608.25
19/02/2014	76.7671	37.51	29.45	607.3559
18/02/2014	77.9985	37.42	29.58	611.6699
14/02/2014	77.7128	37.62	30.02	607.5883
13/02/2014	77.7757	37.61	29.83	606.1234
12/02/2014	76.56	37.47	29.42	599.4504
11/02/2014	76.5657	37.175	29.36	601.2134
10/02/2014	75.57	36.8	28.81	592.4996
7/02/2014	74.24	36.56	29.07	594.7778
6/02/2014	73.2157	36.18	28.49	585.9479
5/02/2014	73.2271	35.82	28.01	577.4816
4/02/2014	72.6843	36.35	28.33	574.9357
3/02/2014	71.6471	36.48	28.04	572.5464
31/01/2014	71.5143	37.84	29	596.561
30/01/2014	71.3974	36.86	29.25	573.5385
29/01/2014	71.5357	36.66	29.02	559.155
28/01/2014	72.3571	36.27	29	567.2828
27/01/2014	78.6428	36.03	28.6	556.2807
24/01/2014	78.01	36.805	28.49	567.697
23/01/2014	79.4543	36.055	29.37	586.0186
22/01/2014	78.7871	35.93	29.84	588.5039
21/01/2014	78.4385	36.17	29.9	587.8371
17/01/2014	77.2385	36.38	29.8	581.1844
16/01/2014	79.1785	36.89	29.56	584.0586
15/01/2014	79.6228	36.76	28.84	580.2195
14/01/2014	78.0557	35.78	28.85	580.6135
13/01/2014	76.5328	34.98	28.12	567.2676
10/01/2014	76.1343	36.04	27.7	570.9047
9/01/2014	76.6455	35.53	27.61	570.935
8/01/2014	77.6371	35.76	27.45	576.4865
7/01/2014	77.1482	36.41	28.18	575.2881
6/01/2014	77.7043	36.13	28.29	564.4085
3/01/2014	77.2828	36.91	28.34	558.1851
2/01/2014	79.0185	37.16	27.66	562.2869
31/12/2013	80.1457	37.41	27.98	566.1209
30/12/2013	79.2171	37.29	28.07	560.4381
27/12/2013	80.0128	37.29	28.19	564.9541
26/12/2013	80.5571	37.44	28.31	564.4792
24/12/2013	81.0957	37.08	28.16	561.6403
23/12/2013	81.4414	36.62	28.05	563.2871
20/12/2013	78.4314	36.8	27.79	555.9726
19/12/2013	77.78	36.25	28.04	548.6985
18/12/2013	78.6814	36.58	27.51	547.9559
17/12/2013	79.2843	36.52	27.45	540.4343
16/12/2013	79.6428	36.885	26.9	542.0104
13/12/2013	79.2043	36.69	26.77	535.8527
12/12/2013	80.0771	37.22	26.6	540.4848
11/12/2013	80.1943	37.61	26.99	544.1875
10/12/2013	80.7928	38.11	27.04	547.9105
9/12/2013	80.9185	38.705	27.25	544.6169
6/12/2013	80.0028	38.36	27.7	540.4394
5/12/2013	81.1287	38	27.25	534.1099
4/12/2013	80.7143	38.94	28.13	534.5342
3/12/2013	80.9031	38.31	27.5	532.0489
2/12/2013	78.7471	38.45	27.32	532.6652
29/11/2013	79.4385	38.13	27.35	535.2465
27/11/2013	77.9943	37.6	27.36	537.0246
26/11/2013	76.2	37.35	25.09	534.6504
25/11/2013	74.82	37.64	25.32	528.3462
22/11/2013	74.2571	37.57	25.26	521.254
21/11/2013	74.448	37.4	25.03	522.3552
20/11/2013	73.5714	37.08	24.94	516.4147
19/11/2013	74.2214	36.74	24.99	517.8766
18/11/2013	74.0898	37.2	25	521.0822
15/11/2013	74.9987	37.841	25.21	522.0976
14/11/2013	75.4514	38.021	25.07	522.9412
13/11/2013	74.3763	38.155	26.49	521.547
12/11/2013	74.2871	37.36	26.22	511.0955
11/11/2013	74.1497	37.59	26.35	510.4944
8/11/2013	74.3657	37.78	25.94	513.2424
7/11/2013	73.2131	37.5	25.69	509.1608
6/11/2013	74.4171	38.18	25.61	516.6369
5/11/2013	75.0641	36.64	25.47	516.0156
4/11/2013	75.25	35.94	25.77	518.3322
1/11/2013	74.29	35.525	25.92	518.804
31/10/2013	74.6717	35.405	24.37	520.5922
30/10/2013	74.9851	35.54	24.2	520.5114
29/10/2013	73.8111	35.52	23.84	523.4514
28/10/2013	75.6965	35.57	23.86	512.7221
25/10/2013	75.1368	35.73	24	512.8231
24/10/2013	75.9871	33.72	23.88	518.0514
23/10/2013	74.9943	33.76	23.76	521.01
22/10/2013	74.2668	34.58	24.05	508.6809
21/10/2013	74.4803	34.99	23.55	506.8119
18/10/2013	72.6985	34.96	23.48	510.9076
17/10/2013	72.0714	34.92	23.385	448.9698
16/10/2013	71.5877	34.64	23.28	453.6348
15/10/2013	71.24	34.49	22.79	445.5429
14/10/2013	70.8628	34.45	22.9	442.5625
11/10/2013	70.4017	34.13	22.8	440.4813
10/10/2013	69.9483	33.76	22.32	438.587
9/10/2013	69.5126	33.07	22.6	432.3333
8/10/2013	68.7057	33.01	20.75	431.227
7/10/2013	69.6786	33.3	20.93	437.3241
4/10/2013	69.0043	33.88	21.26	440.6632
3/10/2013	69.0586	33.86	20.92	442.5524
2/10/2013	69.9371	33.92	21.4	448.5636
1/10/2013	69.7086	33.58	21.31	448.0655
30/09/2013	68.1071	33.28	20.99	442.4615
27/09/2013	68.9643	33.27	21.17	442.7039
26/09/2013	69.46	32.77	21.3	443.6031
25/09/2013	68.79	32.505	21.4	443.1283
24/09/2013	69.8714	32.455	21.24	447.9827
23/09/2013	70.0914	32.74	21.2	447.811
20/09/2013	66.7728	32.791	21.22	456.2014
19/09/2013	67.4714	33.64	21.31	453.8171
18/09/2013	66.3828	33.32	21.795	456.3075
17/09/2013	65.0457	32.93	21.67	447.6139
16/09/2013	64.3028	32.801	21.74	448.4474
13/09/2013	66.4143	33.03	22.07	449.1082
12/09/2013	67.5271	32.69	21.96	451.1267
11/09/2013	66.8157	32.74	22.27	452.7058
10/09/2013	70.6628	32.39	22.27	448.9071
9/09/2013	72.31	31.655	22.36	448.5959
6/09/2013	71.1743	31.152	22.42	444.3154
5/09/2013	70.7528	31.235	22.12	444.3052
4/09/2013	71.2416	31.195	22.27	440.3015
3/09/2013	69.7971	31.88	22.37	434.6166
30/08/2013	69.6023	33.4	22.34	427.8072
29/08/2013	70.2428	33.55	22.52	432.1161
28/08/2013	70.128	33.02	22.61	428.6407
27/08/2013	69.7986	33.26	21.99	429.4489
26/08/2013	71.8528	34.15	22.27	437.6525
23/08/2013	71.5743	34.75	22.4	439.5821
22/08/2013	71.8514	32.39	22.22	441.3502
21/08/2013	71.7657	31.61	25.38	439.1376
20/08/2013	71.5814	31.62	25.84	437.1625
19/08/2013	72.5343	31.393	25.88	437.2787
16/08/2013	71.7614	31.8	26.42	432.8627
15/08/2013	71.13	31.79	25.95	434.2529
14/08/2013	71.2143	32.35	27.18	439.3801
13/08/2013	69.9386	32.23	27.3	445.1589
12/08/2013	66.7657	32.87	26.74	447.3109
9/08/2013	64.9214	32.7	26.77	449.7861
8/08/2013	65.8586	32.89	26.87	450.9226
7/08/2013	66.4257	32.063	26.69	449.9073
6/08/2013	66.4643	31.58	26.44	452.8978
5/08/2013	67.0643	31.7	27.03	457.1561
2/08/2013	66.0771	31.89	27	457.9492
1/08/2013	65.2394	31.67	26.23	456.7621
31/07/2013	64.6471	31.84	25.68	448.4424
30/07/2013	64.76	31.85	25.78	450.0437
29/07/2013	63.97	31.54	25.67	445.6742
26/07/2013	62.9986	31.62	25.99	447.23
25/07/2013	62.6428	31.39	26.24	448.4171
24/07/2013	62.93	31.96	26.11	456.0953
23/07/2013	59.8557	31.82	25.73	456.55
22/07/2013	60.9014	32.01	25.51	460.0355
19/07/2013	60.7071	31.4	25.14	452.9119
18/07/2013	61.6797	35.44	26.33	460.0254
17/07/2013	61.4728	35.74	26.31	464.0008
16/07/2013	61.4564	36.27	26.45	464.5353
15/07/2013	61.0628	36.17	26.38	467.1024
12/07/2013	60.93	35.67	26.19	466.2487
11/07/2013	61.0411	35.685	26.38	464.8545
10/07/2013	60.1043	34.7	25.93	457.6562
9/07/2013	60.3357	34.35	25.47	457.2774
8/07/2013	59.2928	34.325	25.17	457.2016
5/07/2013	59.6314	34.21	25.58	451.3419
3/07/2013	60.1143	34.01	25.18	447.7756
2/07/2013	59.7843	33.94	25.02	445.6944
1/07/2013	58.46	34.36	24.93	448.5081
28/06/2013	56.6471	34.545	24.8	444.7144
27/06/2013	56.2543	34.62	24.77	443.0474
26/06/2013	56.8671	34.35	24.01	441.3198
25/06/2013	57.5186	33.67	23.85	437.5565
24/06/2013	57.5057	33.715	23.43	439.37
21/06/2013	59.0714	33.265	24.15	444.9973
20/06/2013	59.5483	33.49	24.72	446.9219
19/06/2013	60.4286	34.59	25.43	454.9739
18/06/2013	61.6814	34.98	25.44	454.9436
17/06/2013	61.7143	35	25.16	447.6847
14/06/2013	61.4357	34.4	24.74	442.022
13/06/2013	62.2807	34.715	24.93	443.0121
12/06/2013	61.7414	35	24.91	440.4762
11/06/2013	62.5143	34.84	24.24	444.4315
10/06/2013	62.6986	35.47	24.49	449.6901
7/06/2013	63.1158	35.67	24.81	444.3911
6/06/2013	62.6371	34.96	24.25	436.7685
5/06/2013	63.5871	34.78	24.19	434.2731
4/06/2013	64.1871	34.99	24.62	433.97
3/06/2013	64.3886	35.59	24.9	438.2789
31/05/2013	64.2478	34.9	24.42	440.0913
30/05/2013	64.5114	35.03	25.26	439.86
29/05/2013	63.5643	34.88	25.24	438.6224
28/05/2013	63.0627	35.02	24.65	445.169
24/05/2013	63.5928	34.269	24.21	441.1531
23/05/2013	63.1628	34.15	24.86	445.9369
22/05/2013	63.0506	34.61	21.23	449.286
21/05/2013	62.8086	34.85	21.11	458.1513
20/05/2013	63.2757	35.08	21.18	458.9393
17/05/2013	61.8943	34.87	21.27	459.2676
16/05/2013	62.0826	34.08	21.36	456.5853
15/05/2013	61.2643	33.845	20.97	462.6572
14/05/2013	63.4086	33.53	21.52	448.114
13/05/2013	64.9628	33.03	21.35	443.2798
10/05/2013	64.71	32.69	21.54	444.6437
9/05/2013	65.2528	32.66	21.18	440.2237
8/05/2013	66.2628	32.99	21.07	441.3097
7/05/2013	65.5226	33.31	20.5	433.0254
6/05/2013	65.8157	33.75	20.64	435.2076
3/05/2013	64.2828	33.49	20.63	427.2111
2/05/2013	63.6457	33.16	20.45	419.0733
1/05/2013	62.7557	32.72	20.35	414.436
30/04/2013	63.2543	33.1	20.6	416.5273
29/04/2013	61.4457	32.61	20.5	413.744
26/04/2013	59.6007	31.79	19.97	404.8332
25/04/2013	58.34	31.94	19.59	408.7127
24/04/2013	57.9231	31.76	19.84	410.9121
23/04/2013	58.0186	30.6	19.65	408.1066
22/04/2013	56.9528	30.83	19.76	404.1735
19/04/2013	55.79	29.765	19.56	404.0503
18/04/2013	56.0071	28.79	20.21	386.8976
17/04/2013	57.5428	28.825	20.49	395.3062
16/04/2013	60.8914	28.97	21.03	400.7668
15/04/2013	59.9786	28.69	20.68	394.988
12/04/2013	61.4	28.79	20.9	399.0897
11/04/2013	62.0471	28.935	20.88	399.2615
10/04/2013	62.2414	30.28	22.32	399.1554
9/04/2013	60.9971	29.61	22.22	392.8259
8/04/2013	60.8871	28.59	21.93	391.4115
5/04/2013	60.4571	28.7	21.97	395.5537
4/04/2013	61.1028	28.595	22.3	401.6256
3/04/2013	61.7128	28.56	21.91	407.2488
2/04/2013	61.3988	28.8	22.1	410.703
1/04/2013	61.2728	28.61	23.31	404.717
28/03/2013	63.2371	28.605	23.84	401.18
27/03/2013	64.5828	28.37	23.58	405.4596
26/03/2013	65.8766	28.155	23.64	410.3898
25/03/2013	66.2257	28.16	23.1	408.9855
22/03/2013	65.9871	28.25	23.04	409.324
21/03/2013	64.6757	28.11	22.32	409.8039
20/03/2013	64.5828	28.315	22.92	411.5456
19/03/2013	64.9271	28.18	23.11	409.8342
18/03/2013	65.1028	28.1	22.83	408.051
15/03/2013	63.38	28.035	22.18	411.3405
14/03/2013	61.7857	28.135	21.93	414.9967
13/03/2013	61.1928	27.915	21.32	416.9011
12/03/2013	61.2043	27.91	21.4	418.063
11/03/2013	62.5528	27.87	21.03	421.7051
8/03/2013	61.6743	28	21	420.0381
7/03/2013	61.5117	28.14	20.85	420.5816
6/03/2013	60.8088	28.09	20.93	419.9674
5/03/2013	61.592	28.35	20.37	423.6165
4/03/2013	60.0071	28.15	19.97	414.9786
1/03/2013	61.4957	27.95	20.15	407.2428
28/02/2013	63.0571	27.8	20.14	404.7221
27/02/2013	63.51	27.81	19.77	404.0048
26/02/2013	64.1386	27.37	19.79	399.1301
25/02/2013	63.2571	27.37	19.07	399.4534
22/02/2013	64.4014	27.76	19.2	403.9694
21/02/2013	63.7228	27.49	17.1	401.8579
20/02/2013	64.1214	27.87	16.7	400.3071
19/02/2013	65.7128	28.045	16.89	407.5762
15/02/2013	65.7371	28.01	16.79	400.5243
14/02/2013	66.6557	28.04	17.03	397.9633
13/02/2013	66.7157	28.03	17.01	395.4577
12/02/2013	66.8428	27.88	17.1	394.3666
11/02/2013	68.5614	27.86	16.83	395.2355
8/02/2013	67.8543	27.55	16.87	396.7257
7/02/2013	66.8886	27.283	16.44	390.9569
6/02/2013	65.3357	27.34	16.69	389.0474
5/02/2013	65.4063	27.495	16.61	386.8097
4/02/2013	63.188	27.44	16.18	383.4151
1/02/2013	64.8028	27.93	16.46	391.7904
31/01/2013	65.07	27.45	16.51	381.7329
30/01/2013	65.2614	27.85	16.4	380.7934
29/01/2013	65.4671	28.01	16.48	380.7176
28/01/2013	64.2614	27.911	17.02	379.2274
25/01/2013	62.84	27.88	16.99	380.7126
24/01/2013	64.3571	27.63	17.01	380.7934
23/01/2013	73.4293	27.61	17.01	374.5649
22/01/2013	72.11	27.15	17.25	355.0512
18/01/2013	71.4285	27.25	17.11	355.8796
17/01/2013	71.8114	27.25	17.11	359.3197
16/01/2013	72.2985	27.04	17.21	361.2746
15/01/2013	69.4171	27.21	16.53	366.1947
14/01/2013	71.6785	26.89	16.95	365.346
11/01/2013	74.3285	26.83	16.16	373.8022
10/01/2013	74.7871	26.46	16.28	374.5548
9/01/2013	73.8714	26.7	15.85	372.8565
8/01/2013	75.0443	26.55	15.39	370.4228
7/01/2013	74.8428	26.69	15.17	371.1552
4/01/2013	75.2857	26.74	15.14	372.7818
3/01/2013	77.4422	27.25	15.14	365.5582
2/01/2013	78.4328	27.62	15.02	365.346
31/12/2012	76.0247	26.7097	14.25	357.3294
28/12/2012	72.7984	26.55	13.68	353.6065
27/12/2012	73.58	26.96	14.04	356.7788
26/12/2012	73.2856	26.86	14.12	358.0821
24/12/2012	74.3097	27.06	14.01	358.4003
21/12/2012	74.19	27.45	14.34	361.4968
20/12/2012	74.5329	27.68	14.43	364.8965
19/12/2012	75.1871	27.31	14.38	363.7599
18/12/2012	76.2714	27.56	14.53	364.2448
17/12/2012	74.1185	27.095	14.21	364.0983
14/12/2012	72.8277	26.81	14.75	354.5931
13/12/2012	75.67	27.11	14.5	354.9653
12/12/2012	77	27.24	14.53	352.3689
11/12/2012	77.3411	27.32	14.26	352.0254
10/12/2012	75.6887	26.94	14.16	346.2364
7/12/2012	76.1785	26.455	13.94	345.6252
6/12/2012	78.1778	26.725	13.83	349.1208
5/12/2012	76.9703	26.67	13.82	347.4488
4/12/2012	82.2636	26.37	13.53	349.0703
3/12/2012	83.7414	26.4294	12.87	351.202
30/11/2012	83.6114	26.615	12.99	352.778
29/11/2012	84.1943	26.95	12.89	349.5047
28/11/2012	83.2771	27.36	12.73	345.3524
27/11/2012	83.54	27.08	12.36	338.8057
26/11/2012	84.2185	27.385	12.74	333.9766
23/11/2012	81.6428	27.7	12.44	337.4216
21/11/2012	80.2428	26.95	11.94	336.3608
20/11/2012	80.1305	26.71	11.71	338.4319
19/11/2012	80.8185	26.7277	13.3	337.5429
16/11/2012	75.3825	26.5209	12.85	326.9197
15/11/2012	75.0885	26.6607	13.08	326.9601
14/11/2012	76.6971	26.84	13.135	329.6323
13/11/2012	77.5568	27.0895	13.14	332.9174
12/11/2012	77.5471	28.22	13.41	336.376
9/11/2012	78.1514	28.83	13.61	334.9262
8/11/2012	76.8214	28.81	13.82	329.501
7/11/2012	79.7145	29.08	13.69	336.9923
6/11/2012	83.2642	29.86	14.4	344.3674
5/11/2012	83.5173	29.63	14.01	344.9938
2/11/2012	82.4	29.4998	13.76	347.4983
1/11/2012	85.22	29.515	14	347.3326
31/10/2012	85.0457	28.54	13.85	343.6489
26/10/2012	86.2857	28.21	14.09	341.0486
25/10/2012	87.0768	27.88	14.19	342.367
24/10/2012	88.1185	27.9019	14.04	342.1358
23/10/2012	87.6222	28.047	14.26	343.6753
22/10/2012	90.5757	28	14.71	342.8267
19/10/2012	87.12	28.64	14.48	344.4027
18/10/2012	90.3771	29.495	14.8	351.0757
17/10/2012	92.0876	29.59	14.72	381.6319
16/10/2012	92.8275	29.49	14.57	376.1814
15/10/2012	90.68	29.51	14.47	374.3023
12/10/2012	89.9591	29.2	14.41	376.2067
11/10/2012	89.7285	28.95	14.25	379.6063
10/10/2012	91.5585	28.98	14.18	376.1107
9/10/2012	90.8357	29.28	14.37	375.8733
8/10/2012	91.1671	29.78	14.46	382.819
5/10/2012	93.2271	29.85	14.73	387.7745
4/10/2012	95.2571	30.03	14.94	387.9765
3/10/2012	95.9214	29.86	14.91	385.173
2/10/2012	94.4728	29.66	17.13	382.3896
1/10/2012	94.1985	29.49	17.21	384.8093
28/09/2012	95.3007	29.76	17.06	381.1318
27/09/2012	97.3314	30.16	17.225	382.1421
26/09/2012	95.0257	30.165	17.11	380.6065
25/09/2012	96.22	30.39	16.71	378.4344
24/09/2012	98.6843	30.78	17.21	378.5455
21/09/2012	100.0135	31.19	17.59	370.7713
20/09/2012	99.8143	31.45	17.76	367.8044
19/09/2012	100.3	31.052	18.1	367.4929
18/09/2012	100.2728	31.175	18.25	362.8355
17/09/2012	99.9687	31.21	18.21	358.6428
14/09/2012	98.7543	31.21	18.17	358.4912
13/09/2012	97.5685	30.935	18.24	356.6525
12/09/2012	95.6843	30.78	17.99	348.9945
11/09/2012	94.37	30.79	17.95	349.6562
10/09/2012	94.6771	30.72	17.43	353.9904
7/09/2012	97.2057	30.95	17.42	356.7081
6/09/2012	96.61	31.345	17.59	353.2983
5/09/2012	95.7471	30.39	17.27	343.8622
4/09/2012	96.4243	30.385	16.99	344.0239
31/08/2012	95.0343	30.82	16.88	346.0697
30/08/2012	94.8383	30.32	16.78	344.3472
29/08/2012	96.2094	30.65	16.94	347.5447
28/08/2012	96.4	30.63	16.9	342.1094
27/08/2012	96.5257	30.69	17.21	338.0531
24/08/2012	94.746	30.56	17.58	342.8065
23/08/2012	94.6614	30.255	17.635	341.8821
22/08/2012	95.5528	30.54	19.2	342.074
21/08/2012	93.7231	30.8	19.93	338.1996
20/08/2012	95.0214	30.74	20.09	341.2456
17/08/2012	92.5871	30.9	19.52	342.0538
16/08/2012	90.9057	30.78	19.52	339.8968
15/08/2012	90.1185	30.2	19.29	337.2044
14/08/2012	90.2414	30.13	19.36	337.7702
13/08/2012	90	30.39	19.62	333.4007
10/08/2012	88.8143	30.42	19.7	324.303
9/08/2012	88.6757	30.5	19.41	324.4798
8/08/2012	88.5514	30.33	19.41	324.4192
7/08/2012	88.702	30.26	18.96	323.5655
6/08/2012	88.9357	29.95	18.69	324.7172
3/08/2012	87.9571	29.75	18.26	323.9646
2/08/2012	86.8271	29.19	17.55	317.6099
1/08/2012	86.6871	29.41	17.66	319.5951
31/07/2012	87.2514	29.47	18.24	319.7416
30/07/2012	85.0043	29.64	18.26	319.4031
27/07/2012	83.5943	29.755	18.565	320.7468
26/07/2012	82.1257	29.16	18.01	309.8357
25/07/2012	82.1385	28.83	17.78	307.123
24/07/2012	85.8457	29.15	17.985	306.9109
23/07/2012	86.2614	29.28	18.3	310.9217
20/07/2012	86.3285	30.115	18.605	308.5526
19/07/2012	87.76	30.665	19.095	299.5812
18/07/2012	86.6085	30.45	19.3	293.368
17/07/2012	86.7057	29.66	18.87	291.3322
16/07/2012	86.7014	29.44	18.81	290.4179
13/07/2012	86.4243	29.39	18.98	291.2261
12/07/2012	85.5571	28.63	19.35	288.1751
11/07/2012	86.3471	29.3	19.69	288.5337
10/07/2012	86.8871	29.74	19.11	293.8428
9/07/2012	87.6985	30	19.43	296.02
6/07/2012	86.5543	30.185	19.57	296.0048
5/07/2012	87.1343	30.7	20.28	301.0259
3/07/2012	85.63	30.76	20.36	296.9393
2/07/2012	84.6457	30.56	20.16	293.2215
29/06/2012	83.4285	30.59	20.11	293.0194
28/06/2012	81.2928	29.91	19.36	285.0583
27/06/2012	82.0714	30.17	19.51	287.579
26/06/2012	81.7178	30.02	19.355	285.2452
25/06/2012	81.5378	29.865	19.545	283.2347
22/06/2012	83.1571	30.7	20.37	288.6802
21/06/2012	82.5243	30.135	20.295	285.5129
20/06/2012	83.6773	30.93	21.16	291.7262
19/06/2012	83.9157	30.7	20.81	293.7569
18/06/2012	83.6828	29.84	21.05	288.362
15/06/2012	82.0185	30.02	21.64	285.1593
14/06/2012	81.6471	29.34	21.59	282.4013
13/06/2012	81.7371	29.13	21.48	283.4318
12/06/2012	82.3085	29.29	21.7	285.4574
11/06/2012	81.5957	28.895	21.41	287.1749
8/06/2012	82.9028	29.65	22.31	293.2114
7/06/2012	81.6743	29.23	22.06	292.0899
6/06/2012	81.6371	29.35	22.35	293.272
5/06/2012	80.4043	28.505	21.68	288.1397
4/06/2012	80.6128	28.55	21.06	292.2718
1/06/2012	80.1414	28.45	21.25	288.4276
31/05/2012	82.5328	29.19	22.68	293.4185
30/05/2012	82.7385	29.34	22.74	297.1414
29/05/2012	81.7528	29.56	22.8	300.2278
25/05/2012	80.3271	29.06	22.33	298.8084
24/05/2012	80.76	29.07	21.77	304.9358
23/05/2012	81.5085	29.11	21.08	307.8656
22/05/2012	79.5671	29.76	21.78	303.4911
21/05/2012	80.1828	29.75	21.89	310.2145
18/05/2012	75.7685	29.27	21.46	303.289
17/05/2012	75.7314	29.72	22.06	314.7305
16/05/2012	78.0107	29.9	22.03	317.7008
15/05/2012	79.0243	30.21	22.4	308.6991
14/05/2012	79.7457	30.68	22.965	305.1075
11/05/2012	80.9585	31.16	23.15	305.7288
10/05/2012	81.5028	30.74	23.51	309.9872
9/05/2012	81.3114	30.76	23.33	307.709
8/05/2012	81.1685	30.5	23.32	309.5477
7/05/2012	81.3543	30.65	23.87	306.9008
4/05/2012	80.75	30.98	24.27	301.5564
3/05/2012	83.1171	31.76	24.48	308.6536
2/05/2012	83.7114	31.8	25.25	306.7543
1/05/2012	83.1614	32.01	25.17	305.3247
30/04/2012	83.4257	32.015	24.76	305.5369
27/04/2012	86.1428	31.98	24.75	310.654
26/04/2012	86.8143	32.11	24.87	310.9015
25/04/2012	87.1428	32.2	24.83	307.9969
24/04/2012	80.04	31.92	24.44	303.7285
23/04/2012	81.6714	32.12	24.27	301.8746
20/04/2012	81.8543	32.42	24.51	301.0967
19/04/2012	83.92	31.01	24.71	302.7333
18/04/2012	86.9057	31.14	24.93	306.8503
17/04/2012	87.1	31.44	24.72	307.9212
16/04/2012	82.8757	31.075	24.31	306.1532
13/04/2012	86.4614	30.81	24.57	315.5135
12/04/2012	88.9671	30.975	25.1	328.8544
11/04/2012	89.4571	30.345	23.41	321.252
10/04/2012	89.7771	30.47	23.27	316.6551
9/04/2012	90.89	31.1	23.14	318.6656
5/04/2012	90.5257	31.52	23.11	319.4132
4/04/2012	89.1871	31.21	23.27	320.8428
3/04/2012	89.9028	31.94	23.45	324.6162
2/04/2012	88.3757	32.29	23.88	326.7883
30/03/2012	85.65	32.255	23.83	323.9191
29/03/2012	87.1228	32.12	23.51	327.541
28/03/2012	88.2314	32.19	23.58	331.2538
27/03/2012	87.7828	32.52	23.62	326.8389
26/03/2012	86.7114	32.59	23.89	328.0057
23/03/2012	85.15	32.01	23.63	324.6011
22/03/2012	85.62	31.995	23.03	326.3489
21/03/2012	86.0714	31.91	23.46	323.2826
20/03/2012	86.5657	31.99	23.98	320.0042
19/03/2012	85.8714	32.2	24.34	320.2518
16/03/2012	83.6528	32.6	24.49	315.7358
15/03/2012	83.6514	32.85	24.4	313.7607
14/03/2012	84.2257	32.77	24.34	311.1642
13/03/2012	81.1571	32.67	24.57	312.0684
12/03/2012	78.8571	32.04	24.04	305.6884
9/03/2012	77.8814	31.99	24.18	303.2132
8/03/2012	77.4271	32.01	24.64	306.6937
7/03/2012	75.8128	31.84	24.36	306.5219
6/03/2012	75.7514	31.555	24.17	305.5925
5/03/2012	76.1657	31.8	25.01	310.2853
2/03/2012	77.8828	32.075	25.32	313.8213
1/03/2012	77.7814	32.29	25.25	314.4022
29/02/2012	77.4914	31.74	25.31	312.3058
28/02/2012	76.4871	31.87	26.18	312.3766
27/02/2012	75.1085	31.35	26.25	307.7898
24/02/2012	74.63	31.48	26.64	308.0879
23/02/2012	73.77	31.37	27.05	306.1734
22/02/2012	73.2914	31.27	28.94	307.0978
21/02/2012	73.55	31.44	29.35	310.159
17/02/2012	71.7314	31.25	29.59	305.4308
16/02/2012	71.7443	31.285	29.885	306.3805
15/02/2012	71.0957	30.05	29.12	305.8955
14/02/2012	72.78	30.25	29.08	308.0172
13/02/2012	71.8	30.58	28.75	309.2497
10/02/2012	70.4886	30.495	28.7	306.0723
9/02/2012	70.4528	30.77	29.11	308.8759
8/02/2012	68.0971	30.66	29.46	308.0626
7/02/2012	66.9757	30.35	28.95	306.5068
6/02/2012	66.2814	30.2	28.76	307.6787
3/02/2012	65.6686	30.24	29.07	301.2331
2/02/2012	65.0171	29.95	28.5	295.5653
1/02/2012	65.17	29.89	28.76	293.4033
31/01/2012	65.2114	29.53	27.98	293.0396
30/01/2012	64.7157	29.61	27.88	291.8172
27/01/2012	63.8971	29.23	27.88	292.9739
26/01/2012	63.5186	29.5	27.99	286.9728
25/01/2012	63.8086	29.56	28.32	287.675
24/01/2012	60.0586	29.34	28.52	293.4538
23/01/2012	61.0584	29.73	28.68	295.7724
20/01/2012	60.0428	29.71	28.13	296.0099
19/01/2012	61.1071	28.12	27.15	323.0755
18/01/2012	61.3014	28.23	27	319.7113
17/01/2012	60.6714	28.255	26.455	317.524
13/01/2012	59.9728	28.25	26.49	315.7105
12/01/2012	60.1986	28	26.95	318.0594
11/01/2012	60.3643	27.72	26.635	316.2005
10/01/2012	60.4628	27.84	26.69	314.776
9/01/2012	60.2471	27.74	26.44	314.4325
6/01/2012	60.3428	28.105	26.4	328.3543
5/01/2012	59.7186	27.68	26.5	332.8955
4/01/2012	59.0628	27.4	26.6	337.5782
3/01/2012	58.7471	26.765	26.62	336.1285
30/12/2011	57.8571	25.96	25.76	326.2731
29/12/2011	57.8743	26.02	25.62	324.5051
28/12/2011	57.52	25.82	25.2	323.1412
27/12/2011	58.0757	26.04	25.65	323.419
23/12/2011	57.6186	26.03	25.88	319.8274
22/12/2011	56.9357	25.81	25.86	318.0897
21/12/2011	56.635	25.76	25.44	316.1298
20/12/2011	56.5643	26.025	25.91	318.4282
19/12/2011	54.6014	25.53	25.13	314.1143
16/12/2011	54.4314	26	25.84	316.2005
15/12/2011	54.1343	25.56	26.16	312.9575
14/12/2011	54.3128	25.59	26.38	312.2149
13/12/2011	55.5443	25.76	26.8	316.0338
12/12/2011	55.9771	25.51	27.34	315.9126
9/12/2011	56.2314	25.7	27.9	316.938
8/12/2011	55.8086	25.4	27.66	311.1945
7/12/2011	55.5843	25.6	28.41	314.9023
6/12/2011	55.85	25.66	28.18	315.0942
5/12/2011	56.1443	25.7	28.12	316.0439
2/12/2011	55.6714	25.22	27.68	313.3717
1/12/2011	55.4186	25.28	28.22	310.0428
30/11/2011	54.6	25.58	27.95	302.7788
29/11/2011	53.3143	24.84	26.9	294.4641
28/11/2011	53.7314	24.87	26.53	297.1212
25/11/2011	51.9386	24.3	25.39	284.3966
23/11/2011	52.4271	24.47	25.78	287.9882
22/11/2011	53.7871	24.79	26.65	292.984
21/11/2011	52.7157	25	26.86	293.4589
18/11/2011	53.5628	25.3	27.99	300.5006
17/11/2011	53.9157	25.54	27.29	303.5264
16/11/2011	54.9671	26.07	27.93	308.881
15/11/2011	55.5471	26.74	28.24	311.4521
14/11/2011	54.18	26.76	27.32	309.6538
11/11/2011	54.9457	26.91	27.58	307.3049
10/11/2011	55.0314	26.28	26.76	300.6016
9/11/2011	56.4686	26.2	26.33	303.5668
8/11/2011	58.0328	27.16	27.84	309.3204
7/11/2011	57.1043	26.8	27.88	307.2948
4/11/2011	57.1771	26.25	26.97	301.1371
3/11/2011	57.5814	26.53	26.84	301.8241
2/11/2011	56.7728	26.01	25.91	295.4188
1/11/2011	56.6443	25.99	25.64	292.3021
31/10/2011	57.8257	26.63	26.61	299.3691
28/10/2011	57.85	26.98	27.94	303.1577
27/10/2011	57.8128	27.25	26.99	302.4151
26/10/2011	57.2286	26.59	25.75	296.1715
25/10/2011	56.8243	26.81	25.05	294.5803
24/10/2011	57.9671	27.19	26.02	301.2785
21/10/2011	56.1243	27.16	25.38	298.283
20/10/2011	56.4728	27.04	24.74	294.8379
19/10/2011	56.9457	27.13	24.98	293.3376
18/10/2011	60.32	27.31	25.61	298.2931
17/10/2011	59.9986	26.98	24.86	294.2014
14/10/2011	60.2857	27.27	26.11	298.8841
13/10/2011	58.3471	27.18	25.63	282.3709
12/10/2011	57.4557	26.96	25.87	277.072
11/10/2011	57.1843	27	25.92	274.3846
10/10/2011	55.5443	26.94	25.74	271.3487
7/10/2011	52.8286	26.25	24.88	260.2102
6/10/2011	53.91	26.34	25.05	260.0031
5/10/2011	54.0357	25.89	23.86	254.9466
4/10/2011	53.2143	25.34	23.02	253.5322
3/10/2011	53.5143	24.53	22.2	250.3094
30/09/2011	54.4743	24.89	22.45	260.1698
29/09/2011	55.7957	25.45	23.78	266.4639
28/09/2011	56.7157	25.575	23.19	267.1408
27/09/2011	57.0371	25.67	23.59	272.4449
26/09/2011	57.5957	25.44	22.71	268.6815
23/09/2011	57.7571	25.06	22.32	265.4587
22/09/2011	57.4028	25.06	22.8	263.0087
21/09/2011	58.8771	25.99	23.98	272.3741
20/09/2011	59.0643	26.98	22.47	276.1248
19/09/2011	58.8043	27.21	22.91	276.1476
16/09/2011	57.2143	27.12	23.53	276.1526
15/09/2011	56.1371	26.99	23.27	274.0714
14/09/2011	55.6143	26.5	22.93	268.7724
13/09/2011	54.9457	26.04	22.7	267.4843
12/09/2011	54.2771	25.89	22.58	267.7874
9/09/2011	53.9257	25.74	22.65	265.1253
8/09/2011	54.8771	26.22	23.87	270.2323
7/09/2011	54.8471	26	24.14	269.7625
6/09/2011	54.2486	25.51	23.63	263.7766
2/09/2011	53.4357	25.8	24.34	265.1202
1/09/2011	54.4328	26.21	25.67	268.9897
31/08/2011	54.9757	26.6	26.03	273.2632
30/08/2011	55.7128	26.23	26.05	273.1318
29/08/2011	55.71	25.84	26.12	272.3135
26/08/2011	54.7971	25.25	24.82	266.1406
25/08/2011	53.3886	24.57	25.03	262.6956
24/08/2011	53.74	24.9	25.21	264.3373
23/08/2011	53.3714	24.72	24.54	262.0793
22/08/2011	50.92	23.98	24.45	251.648
19/08/2011	50.8614	24.05	23.6	247.9857
18/08/2011	52.2928	24.67	29.51	255.0376
17/08/2011	54.3486	25.245	31.39	269.318
16/08/2011	54.3543	25.35	32.61	272.2731
15/08/2011	54.7728	25.51	32.43	281.4819
12/08/2011	53.8557	25.1	32.32	284.7855
11/08/2011	53.3857	25.19	31.05	283.9571
10/08/2011	51.9557	24.2	29.86	277.3296
9/08/2011	53.43	25.58	31.53	289.6551
8/08/2011	50.4586	24.48	30.81	275.8192
5/08/2011	53.3743	25.68	32.63	292.4991
4/08/2011	53.91	25.94	32.54	291.7313
3/08/2011	56.0814	26.92	34.28	303.678
2/08/2011	55.5586	26.8	34.35	299.2478
1/08/2011	56.6786	27.27	35.2	306.5068
29/07/2011	55.7828	27.4	35.17	304.9509
28/07/2011	55.9743	27.72	36.23	308.6132
27/07/2011	56.0843	27.33	36.8	306.7341
26/07/2011	57.63	28.08	37.47	314.4628
25/07/2011	56.9286	27.91	37.09	312.6746
22/07/2011	56.1857	27.53	36.7	312.2957
21/07/2011	55.3271	27.095	36.23	306.6179
20/07/2011	55.2714	27.06	35.28	300.738
19/07/2011	53.8357	27.54	35.61	304.3751
18/07/2011	53.4	26.59	35.02	300.5309
15/07/2011	52.1314	26.78	35.09	301.8847
14/07/2011	51.11	26.47	35.13	267.1913
13/07/2011	51.1457	26.63	35.44	271.8993
12/07/2011	50.5357	26.54	35.27	269.7524
11/07/2011	50.5714	26.63	35.29	266.3528
8/07/2011	51.3871	26.92	36.43	268.732
7/07/2011	51.0286	26.77	36.45	276.1122
6/07/2011	50.2514	26.33	36.2	270.4344
5/07/2011	49.9186	26.03	36.47	268.9594
1/07/2011	49.0371	26.02	37.05	263.1946
30/06/2011	47.9528	26	36.4	255.7953
29/06/2011	47.72	25.62	35.55	251.3449
28/06/2011	47.8943	25.8	35.09	249.3648
27/06/2011	47.4343	25.2	34.98	243.884
24/06/2011	46.6214	24.3	34.9	239.8832
23/06/2011	47.3186	24.63	35.23	242.5807
22/06/2011	46.0871	24.65	35.12	246.0081
21/06/2011	46.4714	24.76	35.3	249.0364
20/06/2011	45.0457	24.47	34.99	244.7831
17/06/2011	45.7514	24.26	35	245.0054
16/06/2011	46.4514	23.995	34.97	252.7594
15/06/2011	46.6786	23.74	34.26	254.0626
14/06/2011	47.4914	24.22	34.73	256.8005
13/06/2011	46.6571	24.04	34.65	254.9618
10/06/2011	46.5571	23.705	35.25	257.3739
9/06/2011	47.3557	23.96	35.46	261.0235
8/06/2011	47.4628	23.94	35.36	262.2561
7/06/2011	47.4343	24.06	35.57	262.1854
6/06/2011	48.2914	24.01	35.96	263.2108
3/06/2011	49.0628	23.905	36.11	264.2312
2/06/2011	49.4431	24.22	36.425	266.7468
1/06/2011	49.3586	24.43	36.63	265.5042
31/05/2011	49.69	25.01	37.38	267.2318
27/05/2011	48.2014	24.76	36.96	263.13
26/05/2011	47.8571	24.67	36.55	261.7307
25/05/2011	48.1114	24.19	36.01	262.5087
24/05/2011	47.4557	24.15	35.975	261.7964
23/05/2011	47.7714	24.17	35.81	261.8621
20/05/2011	47.8886	24.49	35.98	264.7111
19/05/2011	48.6471	24.715	36.13	268.3582
18/05/2011	48.5528	24.69	36.49	267.6308
17/05/2011	48.02	24.52	36.91	267.9592
16/05/2011	47.6143	24.57	39.8	261.8772
13/05/2011	48.6428	25.03	40.41	267.4995
12/05/2011	49.51	25.32	40.88	270.2778
11/05/2011	49.6043	25.36	41.06	270.4798
10/05/2011	49.9214	25.67	41.57	274.1219
9/05/2011	49.6571	25.83	41.02	271.6063
6/05/2011	49.5228	25.87	40.81	270.4041
5/05/2011	49.5357	25.79	40.8	269.8838
4/05/2011	49.9386	26.06	40.94	270.6516
3/05/2011	49.7428	25.81	40.33	269.6918
2/05/2011	49.4686	25.66	40.08	272.0508
29/04/2011	50.0186	25.92	40.37	274.8493
28/04/2011	49.5357	26.71	40.53	271.7528
27/04/2011	50.0214	26.38	41.04	271.6467
26/04/2011	50.06	26.19	40.69	269.1513
25/04/2011	50.4298	25.61	40.53	265.2263
21/04/2011	50.0994	25.52	40.99	265.2516
20/04/2011	48.9157	25.76	40.89	265.5698
19/04/2011	48.2657	25.15	39.9901	263.4482
18/04/2011	47.4071	25.08	39.75	266.1305
15/04/2011	46.78	25.37	40.26	268.0804
14/04/2011	47.4886	25.42	40.36	292.2314
13/04/2011	48.0186	25.63	41.13	291.1049
12/04/2011	47.4857	25.64	41.08	288.2407
11/04/2011	47.2571	25.98	41.05	291.6555
8/04/2011	47.8657	26.07	40.7	292.0546
7/04/2011	48.2971	26.2	41.08	292.984
6/04/2011	48.2914	26.15	41.18	290.0441
5/04/2011	48.4128	25.78	40.29	287.4729
4/04/2011	48.7414	25.55	40.34	296.8636
1/04/2011	49.2228	25.48	40.98	298.9448
31/03/2011	49.7868	25.39	40.97	296.3988
30/03/2011	49.8043	25.61	41.3	293.9135
29/03/2011	50.1371	25.49	41.11	293.8579
28/03/2011	50.0628	25.41	42.14	290.6402
25/03/2011	50.22	25.62	42.53	292.8527
24/03/2011	49.2814	25.81	43.1	296.4645
23/03/2011	48.4557	25.54	42.07	294.0752
22/03/2011	48.7428	25.295	41.74	291.6303
21/03/2011	48.4714	25.33	41.765	291.216
18/03/2011	47.2386	24.8	41.32	283.4166
17/03/2011	47.8057	24.78	41.43	283.5681
16/03/2011	47.1443	24.79	40.14	281.4162
15/03/2011	49.3471	25.39	40.93	287.7103
14/03/2011	50.5086	25.69	41.49	287.9275
11/03/2011	50.2843	25.68	41.73	291.3221
10/03/2011	49.5243	25.41	41.48	293.1356
9/03/2011	50.3528	25.89	42.05	298.9296
8/03/2011	50.8228	25.91	42.4	299.2024
7/03/2011	50.7657	25.72	41.98	298.874
4/03/2011	51.4286	25.9525	42.61	303.4001
3/03/2011	51.3657	26.2	43.2	307.9161
2/03/2011	50.3028	26.0775	43.24	303.486
1/03/2011	49.9014	26.16	42.91	303.4709
28/02/2011	50.4586	26.58	43.63	309.8559
25/02/2011	49.7371	26.55	42.68	308.1586
24/02/2011	48.9828	26.77	42.17	307.5423
23/02/2011	48.9457	26.59	43.59	308.8052
22/02/2011	48.3728	26.59	48.23	308.2445
18/02/2011	50.08	27.06	48.67	318.2817
17/02/2011	51.1857	27.21	48.62	315.8469
16/02/2011	51.8757	27.02	48.99	315.3215
15/02/2011	51.4143	26.96	47.99	315.2862
14/02/2011	51.3114	27.23	48.31	317.3068
11/02/2011	50.9786	27.25	48.64	315.463
10/02/2011	50.6486	27.5	48.54	311.3915
9/02/2011	51.1657	27.97	48.94	311.4218
8/02/2011	50.7428	28.2825	48.14	312.3715
7/02/2011	50.2686	28.1975	48.14	310.308
4/02/2011	49.5	27.77	47.43	308.6334
3/02/2011	49.0628	27.65	47.32	308.2142
2/02/2011	49.1886	27.94	46.89	309.1487
1/02/2011	49.29	27.9925	46.52	308.6637
31/01/2011	48.4743	27.725	45.69	303.2688
28/01/2011	48.0143	27.751	45.51	303.587
27/01/2011	49.03	28.87	46.74	311.5683
26/01/2011	49.1214	28.78	46.88	311.4218
25/01/2011	48.7714	28.45	47.08	313.1444
24/01/2011	48.2071	28.38	47.55	308.6839
21/01/2011	46.6743	28.02	47.23	309.0628
20/01/2011	47.5257	28.3525	46.78	316.6097
19/01/2011	48.4057	28.47	46.32	319.1253
18/01/2011	48.6643	28.66	46.34	323.1058
14/01/2011	49.7828	28.3	46.25	315.3013
13/01/2011	49.3828	28.19	45.65	311.5178
12/01/2011	49.2028	28.55	45.64	311.6087
11/01/2011	48.8057	28.11	45.43	311.1743
10/01/2011	48.9221	28.22	44.86	310.265
7/01/2011	48.0171	28.6	45.09	311.3915
6/01/2011	47.6757	28.82	44.88	309.9064
5/01/2011	47.7143	28	44.2	307.6686
4/01/2011	47.3271	28.0875	43.63	304.1578
3/01/2011	47.0814	27.98	42.74	305.2843
31/12/2010	46.08	27.91	42.1	300.0409
30/12/2010	46.2371	27.85	42.26	302.5111
29/12/2010	46.47	27.97	42.32	303.5921
28/12/2010	46.4957	28.01	42.25	302.5414
27/12/2010	46.3828	28.07	41.82	304.2892
23/12/2010	46.2286	28.3	41.74	305.2237
22/12/2010	46.4514	28.1875	41.48	305.8602
21/12/2010	46.315	28.07	41.91	304.6377
20/12/2010	46.03	27.81	41.89	300.5915
17/12/2010	45.8014	27.9025	41.96	298.4396
16/12/2010	45.8928	27.9875	41.9525	298.8993
15/12/2010	45.7657	27.85	41.23	298.187
14/12/2010	45.7557	27.62	41.54	300.5158
13/12/2010	45.9528	27.245	41.65	300.3693
10/12/2010	45.7943	27.34	42.62	299.1519
9/12/2010	45.6796	27.08	42.54	298.7932
8/12/2010	45.8586	27.23	42.66	298.3083
7/12/2010	45.4586	26.87	42.19	296.5908
6/12/2010	45.7357	26.84	42.85	292.1556
3/12/2010	45.3486	27.02	43.03	289.448
2/12/2010	45.45	26.89	43.11	288.852
1/12/2010	45.2	26.04	42.57	285.0785
30/11/2010	44.45	25.2575	41.93	280.7141
29/11/2010	45.2671	25.31	42.6	294.0499
26/11/2010	45	25.25	43.2	298.0355
24/11/2010	44.9707	25.37	43.745	300.5461
23/11/2010	44.1043	25.12	44.19	294.5045
22/11/2010	44.7657	25.73	43.25	298.6518
19/11/2010	43.8186	25.69	42.49	298.4548
18/11/2010	44.0614	25.8375	41.69	301.3492
17/11/2010	42.9286	25.57	40.97	294.7773
16/11/2010	43.0843	25.81	41.8	294.8632
15/11/2010	43.8621	26.2	42.54	300.7986
12/11/2010	44.0043	26.27	42.21	304.7489
11/11/2010	45.2364	26.68	43.1	311.7704
10/11/2010	45.4328	26.94	44.16	314.6447
9/11/2010	45.1543	26.95	44.12	315.6246
8/11/2010	45.5171	26.81	44.25	316.6097
5/11/2010	45.3043	26.85	43.72	315.756
4/11/2010	45.4671	27.14	44.07	315.3468
3/11/2010	44.6857	27.03	43.81	313.2808
2/11/2010	44.1943	27.39	42.91	310.9672
1/11/2010	43.4543	26.95	42.49	310.6641
29/10/2010	42.9971	26.665	42.04	310.0074
28/10/2010	43.6057	26.28	42.66	312.4725
27/10/2010	43.9757	26.05	42.39	311.4067
26/10/2010	44.0071	25.9	42.95	312.4826
25/10/2010	44.12	25.19	42.88	311.4218
22/10/2010	43.9243	25.3775	42.87	309.4164
21/10/2010	44.2171	25.42	42.4	309.1436
20/10/2010	44.3614	25.31	42.82	307.118
19/10/2010	44.2128	25.1	42.83	307.0422
18/10/2010	45.4286	25.82	43.32	312.0331
15/10/2010	44.9628	25.54	42.82	303.8194
14/10/2010	43.1871	25.23	42.13	273.248
13/10/2010	42.8771	25.34	42.21	274.4452
12/10/2010	42.6486	24.83	41.35	273.4804
11/10/2010	42.1943	24.59	41.2	272.1923
8/10/2010	42.01	24.57	41.15	270.9345
7/10/2010	41.3171	24.53	40.81	267.7318
6/10/2010	41.3128	24.43	40.74	269.9242
5/10/2010	41.2771	24.35	40.81	271.8841
4/10/2010	39.8057	23.91	40.64	263.8624
1/10/2010	40.36	24.38	40.77	265.5143
30/09/2010	40.5357	24.49	42.07	265.6001
29/09/2010	41.0528	24.5	42.53	266.5599
28/09/2010	40.98	24.6775	41.62	266.2972
27/09/2010	41.5948	24.7325	41.26	267.9339
24/09/2010	41.76	24.775	40.98	266.3579
23/09/2010	41.2743	24.43	40.15	259.3818
22/09/2010	41.1071	24.61	39.55	260.6548
21/09/2010	40.5386	25.15	39.92	259.3717
20/09/2010	40.4614	25.43	39.39	256.755
17/09/2010	39.3386	25.22	39.14	247.5968
16/09/2010	39.51	25.33	40.35	243.005
15/09/2010	38.6028	25.115	39.62	242.7928
14/09/2010	38.2943	25.03	39.29	242.6868
13/09/2010	38.1486	25.11	38.28	243.6162
10/09/2010	37.63	23.85	38.28	240.5197
9/09/2010	37.5814	24.01	38.82	240.5399
8/09/2010	37.56	23.93	38.81	237.7111
7/09/2010	36.83	23.96	39.92	234.5893
3/09/2010	36.9671	24.29	40.34	237.5696
2/09/2010	36.0243	23.94	39.68	233.973
1/09/2010	35.7614	23.9	39.21	232.5359
31/08/2010	34.7286	23.465	38.45	227.3253
30/08/2010	34.6428	23.64	38.56	228.674
27/08/2010	34.5171	23.93	38	231.7756
26/08/2010	34.3257	23.82	38.22	227.8102
25/08/2010	34.6986	24.1	38.24	229.649
24/08/2010	34.2757	24.04	38.39	228.0174
23/08/2010	35.1143	24.28	39.04	234.4226
20/08/2010	35.6628	24.23	39.85	233.387
19/08/2010	35.6971	24.44	40.76	236.3927
18/08/2010	36.1528	24.82	41.36	243.5556
17/08/2010	35.9957	24.71	40.82	247.7837
16/08/2010	35.3771	24.5	40.55	245.2933
13/08/2010	35.5857	24.4	40.45	245.6772
12/08/2010	35.97	24.49	40.14	248.5363
11/08/2010	35.7414	24.86	40.77	248.4
10/08/2010	37.0586	25.07	42.33	254.4465
9/08/2010	37.3928	25.61	42.6	255.275
6/08/2010	37.1558	25.55	46.3	252.6836
5/08/2010	37.3857	25.37	46.35	256.6641
4/08/2010	37.5686	25.73	46.77	255.765
3/08/2010	37.4186	26.16	47.36	247.4351
2/08/2010	37.4071	26.33	47.56	247.7281
30/07/2010	36.75	25.81	46.04	244.9195
29/07/2010	36.8728	26.03	46.41	244.9902
28/07/2010	37.28	25.95	47.13	244.6669
27/07/2010	37.7257	26.16	47.57	248.8495
26/07/2010	37.04	26.1	46.57	247.0007
23/07/2010	37.1343	25.81	46.15	247.5513
22/07/2010	37.0034	25.84	46.07	244.8993
21/07/2010	36.32	25.12	45.48	241.2067
20/07/2010	35.9843	25.48	46.61	243.2727
19/07/2010	35.0828	25.23	46.68	235.4884
16/07/2010	35.7	24.89	46.2	232.1671
15/07/2010	35.9214	25.51	47.42	249.5517
14/07/2010	36.1038	25.44	47.34	248.1959
13/07/2010	35.9711	25.13	46.77	247.1169
12/07/2010	36.755	24.83	45.68	240.3631
9/07/2010	37.0886	24.27	45.25	236.1502
8/07/2010	36.87	24.4095	45.48	230.629
7/07/2010	36.9521	24.3	44.96	227.4162
6/07/2010	35.5186	23.82	43.17	220.2785
2/07/2010	35.2771	23.27	42.81	220.521
1/07/2010	35.4971	23.16	42.89	222.0061
30/06/2010	35.9328	23.01	43.28	224.7642
29/06/2010	36.5957	23.31	44.3	229.4671
28/06/2010	38.3286	24.31	46.07	238.4688
25/06/2010	38.1	24.5325	45.92	238.7719
24/06/2010	38.4286	25	45.89	239.9943
23/06/2010	38.71	25.308	46.89	243.5051
22/06/2010	39.1214	25.77	46.77	245.6267
21/06/2010	38.5957	25.95	47.51	246.7936
18/06/2010	39.1534	26.44	47.98	252.5876
17/06/2010	38.8386	26.37	48.24	252.6129
16/06/2010	38.1786	26.32	48.01	253.214
15/06/2010	37.0986	26.5825	47.98	251.5571
14/06/2010	36.3257	25.495	46.88	244.081
11/06/2010	36.2157	25.66	47.19	246.7633
10/06/2010	35.7871	25	46.5	246.0106
9/06/2010	34.7428	24.79	45.41	239.4488
8/06/2010	35.6186	25.11	45.88	244.8841
7/06/2010	35.8486	25.29	45.2375	245.258
4/06/2010	36.5664	25.79	46.05	251.9259
3/06/2010	37.5886	26.86	47.48	255.4013
2/06/2010	37.7071	26.46	47.27	249.2233
1/06/2010	37.2614	25.89	45.58	243.6667
28/05/2010	36.6971	25.8	46.01	245.3135
27/05/2010	36.1928	26	46.94	247.7534
26/05/2010	34.8727	25.01	45.72	240.1812
25/05/2010	35.0314	26.07	45.85	240.9895
24/05/2010	35.2514	26.27	45.69	241.0349
21/05/2010	34.6171	26.84	46.58	238.4537
20/05/2010	33.9657	27.11	45.95	239.9489
19/05/2010	35.4771	28.24	47	249.7588
18/05/2010	36.0514	28.5975	46.79	251.7491
17/05/2010	36.3171	28.94	47.52	256.5985
14/05/2010	36.26	28.93	47.43	256.3762
13/05/2010	36.9086	29.24	48.72	258.0684
12/05/2010	37.4414	29.44	49.56	255.2952
11/05/2010	36.6457	28.88	48.42	257.144
10/05/2010	36.2843	28.94	49.0975	263.5088
7/05/2010	33.6943	28.21	46.73	249.1072
6/05/2010	35.1786	28.98	48.33	251.9006
5/05/2010	36.5693	29.85	50.93	257.5027
4/05/2010	36.9543	30.13	50.64	255.7902
3/05/2010	38.05	30.86	52.71	268.0299
30/04/2010	37.2986	30.535	51.97	265.5521
29/04/2010	38.3771	31.003	52.88	268.7371
28/04/2010	37.3714	30.91	53.28	267.3176
27/04/2010	37.4343	30.845	53.25	267.252
26/04/2010	38.5	31.11	54.26	268.5552
23/04/2010	38.69	30.96	53.9	275.2989
22/04/2010	38.0671	31.39	53.31	276.3446
21/04/2010	37.0314	31.332	53.7	280.0018
20/04/2010	34.9414	31.36	53.56	280.3756
19/04/2010	35.2957	31.039	53.64	277.8802
16/04/2010	35.3428	30.67	53.75	277.9029
15/04/2010	35.56	30.87	54.23	300.7128
14/04/2010	35.0986	30.82	54.52	297.5303
13/04/2010	34.6328	30.45	53.78	296.4039
12/04/2010	34.6128	30.32	53.88	289.3116
9/04/2010	34.5414	30.34	53.87	286.0231
8/04/2010	34.2786	29.92	53.63	286.6647
7/04/2010	34.3714	29.35	53.29	284.6694
6/04/2010	34.22	29.32	53.86	287.0334
5/04/2010	34.07	29.27	53.87	288.4428
1/04/2010	33.71	29.16	53.24	287.3264
31/03/2010	33.5714	29.2875	53.15	286.4778
30/03/2010	33.6921	29.77	53.26	286.2707
29/03/2010	33.1986	29.59	52.97	284.1187
26/03/2010	32.9857	29.66	53.42	284.24
25/03/2010	32.3786	30.01	53.5	284.336
24/03/2010	32.7671	29.65	53.06	281.5324
23/03/2010	32.6228	29.88	53.15	277.3246
22/03/2010	32.1071	29.6	52.95	281.6183
19/03/2010	31.75	29.59	52.49	282.8811
18/03/2010	32.0928	29.61	52.73	286.1141
17/03/2010	32.0171	29.63	52.23	285.6897
16/03/2010	32.0643	29.37	52.35	285.5079
15/03/2010	31.9771	29.29	52.42	284.4875
12/03/2010	32.3714	29.27	52.36	292.7517
11/03/2010	32.2143	29.18	52.02	293.5599
10/03/2010	32.12	28.97	51.78	291.1908
9/03/2010	31.86	28.8	51.88	282.9771
8/03/2010	31.2971	28.63	51.73	284.1339
5/03/2010	31.2786	28.5875	52.03	285.0078
4/03/2010	30.1014	28.63	51.51	280.1483
3/03/2010	29.9043	28.46	51.1	275.4656
2/03/2010	29.8357	28.46	51.12	273.3137
1/03/2010	29.8557	29.02	51.54	269.0856
26/02/2010	29.2314	28.67	50.79	266.1103
25/02/2010	28.8571	28.6	50.92	265.9234
24/02/2010	28.6651	28.63	50.79	268.4694
23/02/2010	28.1513	28.33	50.12	270.2879
22/02/2010	28.6308	28.73	50.56	274.1927
19/02/2010	28.81	28.77	50.79	273.1637
18/02/2010	28.9897	28.969	50.81	274.4048
17/02/2010	28.9357	28.59	50.12	271.8725
16/02/2010	29.0571	28.35	49.44	273.4349
12/02/2010	28.6257	27.93	48.46	269.3028
11/02/2010	28.3814	28.12	48.62	270.9597
10/02/2010	27.8737	27.99	48.02	269.9722
9/02/2010	28.0271	28.01	48.12	270.9799
8/02/2010	27.7314	27.72	47.59	269.4796
5/02/2010	27.9228	28.02	47.32	268.3784
4/02/2010	27.4357	27.84	47.03	266.0992
3/02/2010	28.4614	28.63	48.73	273.1925
2/02/2010	27.98	28.46	48.59	268.2926
1/02/2010	27.8186	28.41	47.83	269.2523
29/01/2010	27.4376	28.18	47.07	267.6985
28/01/2010	28.47	29.16	47.79	269.8939
27/01/2010	29.6977	29.67	49.45	273.8391
26/01/2010	29.42	29.5	49.74	274.0007
25/01/2010	29.0107	29.32	50.06	272.7782
22/01/2010	28.25	28.96	49.29	277.8347
21/01/2010	29.7246	30.01	51.29	294.4894
20/01/2010	30.2464	30.585	52.21	293.1912
19/01/2010	30.72	31.1	52.75	296.8332
15/01/2010	29.4186	30.86	52.47	292.984
14/01/2010	29.9186	30.96	52.51	297.9597
13/01/2010	30.0928	30.35	52.22	296.5655
12/01/2010	29.6743	30.07	51.97	298.278
11/01/2010	30.0157	30.27	52.43	303.6477
8/01/2010	30.2828	30.66	52.59	304.1073
7/01/2010	30.0828	30.452	52.2	300.1066
6/01/2010	30.1386	30.77	52.18	307.2594
5/01/2010	30.6257	30.96	52.67	315.2054
4/01/2010	30.5728	30.95	52.45	316.5996
31/12/2009	30.1046	30.48	51.51	313.1797
30/12/2009	30.2343	30.96	52.93	314.5689
29/12/2009	29.8714	31.39	52.57	312.8868
28/12/2009	30.23	31.17	52.76	314.6396
24/12/2009	29.8628	31	52.87	312.422
23/12/2009	28.8714	30.92	52.49	308.987
22/12/2009	28.6228	30.82	52.46	303.6527
21/12/2009	28.3186	30.52	51.99	302.4201
18/12/2009	27.9186	30.36	51.5	301.2785
17/12/2009	27.4086	29.6	50.56	300.0258
16/12/2009	27.8614	30.1	51.36	301.9554
15/12/2009	27.7386	30.02	50.99	299.6216
14/12/2009	28.14	30.11	50.68	300.93
11/12/2009	27.81	29.85	50.05	298.2931
10/12/2009	28.0614	29.87	50.14	298.7932
9/12/2009	28.2571	29.71	49.95	297.5404
8/12/2009	27.1243	29.57	48.94	296.5453
7/12/2009	26.9928	29.79	49.21	296.1412
4/12/2009	27.6171	29.98	49.79	295.5148
3/12/2009	28.0686	29.83	48.96	295.8836
2/12/2009	28.0328	29.78	48.98	296.7777
1/12/2009	28.1386	30.01	49.59	297.9698
30/11/2009	28.5586	29.41	49.06	294.4995
27/11/2009	28.6557	29.22	49.07	292.8628
25/11/2009	29.17	29.79	50.05	295.8836
24/11/2009	29.2057	29.91	50.19	294.5449
23/11/2009	29.4114	29.94	51.02	294.1711
20/11/2009	28.56	29.62	50.04	287.9144
19/11/2009	28.6443	29.78	49.82	289.443
18/11/2009	29.4228	30.11	50.48	291.2918
17/11/2009	29.5714	30	51.32	291.7161
16/11/2009	29.5186	29.54	50.81	291.1049
13/11/2009	29.2071	29.63	49.91	288.9681
12/11/2009	28.8557	29.36	49.7	286.8465
11/11/2009	29.0357	29.12	50	288.2155
10/11/2009	28.9971	29.01	49.96	286.2959
9/11/2009	28.78	28.99	49.99	284.1491
6/11/2009	27.7628	28.52	49.16	278.3854
5/11/2009	27.7186	28.47	48.85	277.1477
4/11/2009	27.2586	28.06	47.76	272.9449
3/11/2009	26.9643	27.53	47.51	271.4093
2/11/2009	27.0443	27.88	48.16	269.7423
30/10/2009	26.9286	27.73	47.46	270.8183
29/10/2009	28.05	28.22	48.35	278.3601
28/10/2009	27.4857	28.02	46.93	272.9298
27/10/2009	28.1957	28.59	47.3	276.9659
26/10/2009	28.9257	28.68	47.86	279.9564
23/10/2009	29.1343	28.02	48.56	279.6937
22/10/2009	29.3143	26.59	48.32	279.8957
21/10/2009	29.2743	26.58	48.22	278.3854
20/10/2009	28.3943	26.37	48.74	278.6985
19/10/2009	27.1228	26.36	48.47	278.8854
16/10/2009	26.8643	26.5	48.37	277.7539
15/10/2009	27.2228	26.71	48	267.6813
14/10/2009	27.3271	25.96	47.89	270.4142
13/10/2009	27.1457	25.81	46.69	265.7618
12/10/2009	27.2586	25.72	47.04	264.7161
9/10/2009	27.21	25.55	47.38	260.7811
8/10/2009	27.0386	25.67	46.46	259.7354
7/10/2009	27.1786	25.1	46.56	261.4327
6/10/2009	27.1443	25.11	47.01	251.936
5/10/2009	26.5748	24.64	46.07	246.7734
2/10/2009	26.4143	24.96	45.28	244.7831
1/10/2009	25.8371	24.88	45.96	246.1066
30/09/2009	26.4786	25.72	47.21	250.4761
29/09/2009	26.4828	25.75	47.44	251.8299
28/09/2009	26.5931	25.83	47.88	251.8299
25/09/2009	26.0528	25.55	47.02	248.7738
24/09/2009	26.26	25.94	46.87	250.9408
23/09/2009	26.5	25.71	46.93	251.7945
22/09/2009	26.3543	25.77	47.01	252.0976
21/09/2009	26.2886	25.3	46.35	251.057
18/09/2009	26.4314	25.26	46.15	248.2585
17/09/2009	26.3643	25.3	45.71	248.3899
16/09/2009	25.9814	25.2	45.64	246.6572
15/09/2009	25.0228	25.2	45.64	241.2269
14/09/2009	24.8171	25	45.7	240.0044
11/09/2009	24.5943	24.86	46.1	238.4991
10/09/2009	24.6514	25	46.5	237.8929
9/09/2009	24.4486	24.78	45.98	234.3721
8/09/2009	24.7043	24.82	45.47	231.6696
4/09/2009	24.33	24.62	45.1	233.0233
3/09/2009	23.7929	24.11	44.45	231.1139
2/09/2009	23.5971	23.86	44.25	228.8357
1/09/2009	23.614	24	43.87	230.2253
31/08/2009	24.03	24.65	44.89	233.2102
28/08/2009	24.2928	24.68	44.76	234.7661
27/08/2009	24.2071	24.69	44.81	235.4278
26/08/2009	23.9157	24.55	44.48	236.4078
25/08/2009	24.2	24.64	44.68	238.1102
24/08/2009	24.1514	24.64	44.79	236.7766
21/08/2009	24.1743	24.41	44.78	235.0136
20/08/2009	23.7614	23.67	43.98	232.5738
19/08/2009	23.5143	23.65	43.83	224.2692
18/08/2009	23.4286	23.58	43.96	224.9309
17/08/2009	22.7986	23.25	43.11	224.7339
14/08/2009	23.8257	23.692	44.09	232.3667
13/08/2009	24.06	23.62	44.35	233.5184
12/08/2009	23.6157	23.53	44.18	231.6493
11/08/2009	23.2614	23.13	43.39	229.3035
10/08/2009	23.5314	23.42	43.67	230.6542
7/08/2009	23.6443	23.56	43.54	230.9017
6/08/2009	23.4157	23.46	42.21	227.4971
5/08/2009	23.5871	23.81	43.26	227.8911
4/08/2009	23.65	23.77	43.42	229.2014
3/08/2009	23.7757	23.83	43.38	228.4316
31/07/2009	23.3414	23.52	43.3	223.8044
30/07/2009	23.2557	23.81	42.71	225.1128
29/07/2009	22.8614	23.8	42.19	220.3644
28/07/2009	22.8571	23.47	41.98	222.188
27/07/2009	22.8714	23.11	41.84	224.6885
24/07/2009	22.8551	23.45	41.72	225.6583
23/07/2009	22.5457	25.56	41.64	220.9211
22/07/2009	22.3914	24.8	40.8	216.0454
21/07/2009	21.6443	24.83	40.57	216.1515
20/07/2009	21.8441	24.53	40.43	217.2982
17/07/2009	21.6786	24.29	39.98	217.3386
16/07/2009	21.0743	24.44	39.67	223.5771
15/07/2009	20.9829	24.12	38.82	221.3393
14/07/2009	20.3243	23.11	37.14	214.53
13/07/2009	20.3343	23.23	37.3	214.333
10/07/2009	19.7886	22.39	37.24	209.332
9/07/2009	19.48	22.44	37.3	207.3064
8/07/2009	19.6029	22.56	37.21	203.3158
7/07/2009	19.3429	22.53	36.84	200.3556
6/07/2009	19.8014	23.2	37.73	206.9124
2/07/2009	20.0029	23.37	37.85	206.3466
1/07/2009	20.4043	24.04	38.68	211.6507
30/06/2009	20.3471	23.77	38.65	212.964
29/06/2009	20.2814	23.86	38.98	214.2522
26/06/2009	20.3486	23.35	37.61	214.8482
25/06/2009	19.98	23.79	38.12	210.0241
24/06/2009	19.46	23.47	37.22	206.7508
23/06/2009	19.1443	23.34	37.36	204.9272
22/06/2009	19.6243	23.28	37.74	205.7708
19/06/2009	19.9257	24.07	38.35	212.2063
18/06/2009	19.4114	23.5	37.55	209.1603
17/06/2009	19.3686	23.68	37.42	209.716
16/06/2009	19.4786	23.45	36.84	210.1403
15/06/2009	19.4414	23.42	37.08	210.5292
12/06/2009	19.5671	23.33	37.76	214.6058
11/06/2009	19.9929	22.83	37.23	216.7072
10/06/2009	20.0357	22.55	36.79	218.5257
9/06/2009	20.3886	22.08	36.84	220.0512
8/06/2009	20.55	22.05	37.41	221.6424
5/06/2009	20.6671	22.14	37.35	224.446
4/06/2009	20.5343	21.83	36.09	222.4052
3/06/2009	20.1357	21.73	35.63	218.0458
2/06/2009	19.9271	21.4	35.84	216.4041
1/06/2009	19.9071	21.4	36	215.4746
29/05/2009	19.4014	20.89	34.35	210.7616
28/05/2009	19.2957	20.45	34.7	207.3115
27/05/2009	19.0071	20.13	34.34	204.8666
26/05/2009	18.6829	20.34	34.47	204.2604
22/05/2009	17.5	19.75	34.14	198.7745
21/05/2009	17.74	19.82	34.22	200.29
20/05/2009	17.9814	20.38	34.67	200.6335
19/05/2009	18.2071	20.31	36.58	201.4922
18/05/2009	18.0929	20.6	35.73	200.4617
15/05/2009	17.4886	20.22	35.01	197.0065
14/05/2009	17.5643	20.06	34.93	195.7436
13/05/2009	17.07	19.75	34.21	196.7741
12/05/2009	17.7743	19.89	34.99	201.5579
11/05/2009	18.51	19.32	35.03	206.089
8/05/2009	18.4557	19.42	34.68	205.7607
7/05/2009	18.4371	19.32	34.53	200.3455
6/05/2009	18.9286	19.79	36.33	203.8108
5/05/2009	18.9586	19.79	36.8	203.5683
4/05/2009	18.8671	20.19	37.14	203.0578
1/05/2009	18.1771	20.24	36.52	198.8705
30/04/2009	17.9757	20.26	35.98	200.0222
29/04/2009	17.8771	20.25	36.45	197.7491
28/04/2009	17.7003	19.93	35.42	193.8291
27/04/2009	17.8186	20.4	35.45	194.9607
24/04/2009	17.7	20.91	35.8	196.7489
23/04/2009	17.9143	18.92	34.76	194.3242
22/04/2009	17.3586	18.78	34.68	193.9049
21/04/2009	17.3943	18.97	35.43	192.6976
20/04/2009	17.2143	18.61	34.68	191.6015
17/04/2009	17.6314	19.2	36.3	198.138
16/04/2009	17.35	19.76	36.6	196.37
15/04/2009	16.8057	18.83	34.85	191.7025
14/04/2009	16.9014	19.35	34.12	186.353
13/04/2009	17.1743	19.59	34.52	191.0003
9/04/2009	17.0814	19.67	34.43	188.1665
8/04/2009	16.6171	19.19	33.06	182.8625
7/04/2009	16.4286	18.76	33.31	181.1702
6/04/2009	16.9214	18.76	33.76	186.0146
3/04/2009	16.57	18.75	34.15	186.7925
2/04/2009	16.1014	19.29	33.69	183.115
1/04/2009	15.5271	19.31	32.88	178.8668
31/03/2009	15.0171	18.37	32.06	175.8207
30/03/2009	14.9271	17.48	32.12	173.1081
27/03/2009	15.2643	18.13	33.33	175.6389
26/03/2009	15.6957	18.83	33.2	178.4626
25/03/2009	15.2129	17.88	31.01	173.8052
24/03/2009	15.2144	17.93	30.62	175.3686
23/03/2009	15.38	18.33	31.19	176.094
20/03/2009	14.5129	17.06	28.85	166.7786
19/03/2009	14.5171	17.14	29.1	166.6675
18/03/2009	14.5029	16.96	28.99	168.2638
17/03/2009	14.2371	16.9	29.75	169.3953
16/03/2009	13.6314	16.25	29.02	161.4898
13/03/2009	13.7043	16.65	29.45	163.8791
12/03/2009	13.7643	17.01	29.34	163.4295
11/03/2009	13.24	17.11	28.61	160.5906
10/03/2009	12.6611	16.48	27.04	155.6705
9/03/2009	11.8729	15.15	25.53	146.9416
6/03/2009	12.1857	15.28	26.98	155.8726
5/03/2009	12.6914	15.27	27.08	154.3925
4/03/2009	13.0243	16.12	28.65	161.1008
3/03/2009	12.6243	15.88	28.17	164.4146
2/03/2009	12.5629	15.79	28.07	165.2632
27/02/2009	12.7586	16.15	29.03	170.7339
26/02/2009	12.7414	16.42	30.24	170.3248
25/02/2009	13.0229	16.96	30.12	172.5777
24/02/2009	12.8929	17.17	29.62	174.5023
23/02/2009	12.4214	17.21	29.28	166.7281
20/02/2009	13.0286	18	31.24	175.0075
19/02/2009	12.9486	17.91	31.39	173.0828
18/02/2009	13.4814	18.12	34.08	178.3717
17/02/2009	13.5043	18.09	34.34	173.093
13/02/2009	14.1657	19.09	35.87	180.6802
12/02/2009	14.1814	19.26	35.24	183.3929
11/02/2009	13.8314	19.21	35.08	180.8621
10/02/2009	13.9757	18.8	35.21	181.0995
9/02/2009	14.6443	19.44	36.33	191.3337
6/02/2009	14.2457	19.66	36.85	187.5502
5/02/2009	13.78	19.04	35.09	178.6799
4/02/2009	13.3643	18.63	36.03	173.2647
3/02/2009	13.2829	18.5	36.1	171.9766
2/02/2009	13.0729	17.83	34.66	172.0372
30/01/2009	12.8757	17.1	34.75	171.0067
29/01/2009	13.2857	17.59	35.93	173.4263
28/01/2009	13.4571	18.04	37.41	176.1289
27/01/2009	12.9614	17.66	35.89	167.4454
26/01/2009	12.8057	17.63	35.57	163.6013
23/01/2009	12.6229	17.2	35.79	164.0205
22/01/2009	12.6229	17.11	35.49	154.8269
21/01/2009	11.8329	19.38	35.11	153.0993
20/01/2009	11.1714	18.48	33.34	142.8297
16/01/2009	11.7614	19.71	34.77	151.3768
15/01/2009	11.9114	19.24	35.75	151.0333
14/01/2009	12.19	19.09	35.39	152.0335
13/01/2009	12.53	19.82	35.83	158.7771
12/01/2009	12.6657	19.47	36.98	157.9538
9/01/2009	12.94	19.52	37.49	159.156
8/01/2009	13.2429	20.12	37.64	164.2681
7/01/2009	13.0014	19.51	37.84	162.6617
6/01/2009	13.2886	20.76	39.31	168.7487
5/01/2009	13.5114	20.52	36.33	165.7128
2/01/2009	12.9643	20.33	36.81	162.3132
31/12/2008	12.1929	19.44	36.29	155.4078
30/12/2008	12.3271	19.34	36.19	153.1145
29/12/2008	12.3729	18.96	35.58	150.2402
26/12/2008	12.2586	19.13	34.97	151.7253
24/12/2008	12.1486	19.17	34.68	153.0336
23/12/2008	12.34	19.28	34.55	150.5433
22/12/2008	12.2486	19.18	34.75	150.0836
19/12/2008	12.8571	19.12	35.4	156.6808
18/12/2008	12.7757	19.3	35.37	156.7364
17/12/2008	12.7371	19.66	36.47	159.2419
16/12/2008	13.6329	20.11	36.32	164.3135
15/12/2008	13.5357	19.04	34.82	156.9334
12/12/2008	14.0386	19.36	35.97	159.5046
11/12/2008	13.5714	19.45	34.78	151.6546
10/12/2008	14.03	20.61	35.1	155.9988
9/12/2008	14.2943	20.6	34.51	154.5592
8/12/2008	14.2457	21.01	35.23	152.6093
5/12/2008	13.4286	19.87	33.53	143.4561
4/12/2008	13.0586	19.11	33.39	138.5815
3/12/2008	13.7	19.87	34.82	141.1526
2/12/2008	13.21	19.15	34.27	138.9704
1/12/2008	12.7043	18.61	33.44	134.3635
28/11/2008	13.2386	20.22	35.28	147.9872
26/11/2008	13.5714	20.49	35.21	147.5478
25/11/2008	12.9714	19.99	33.6	142.4761
24/11/2008	13.2786	20.69	35.7	130.0445
21/11/2008	11.7971	19.68	34.64	132.5652
20/11/2008	11.4986	17.53	31.83	131.1154
19/11/2008	12.3271	18.29	33.03	141.5315
18/11/2008	12.8443	19.62	33.59	150.2402
17/11/2008	12.5914	19.32	29.34	151.6041
14/11/2008	12.8914	20.06	30.46	156.605
13/11/2008	13.7771	21.25	31.71	157.6456
12/11/2008	12.8743	20.3	31.14	146.9972
11/11/2008	13.5386	21.2	33.25	157.3324
10/11/2008	13.6971	21.3	34.17	161.0301
7/11/2008	14.0343	21.5	34.64	167.2737
6/11/2008	14.1571	20.88	33.64	167.3141
5/11/2008	14.7571	22.08	36.25	172.8808
4/11/2008	15.8557	23.53	38.24	185.3579
3/11/2008	15.28	22.62	38.61	175.0277
31/10/2008	15.37	22.33	38.28	181.5289
30/10/2008	15.8629	22.63	37.69	181.6956
29/10/2008	14.9357	23	35.4	180.8419
28/10/2008	14.2729	23.1	35.09	186.2722
27/10/2008	13.1557	21.18	31.18	166.4402
24/10/2008	13.7686	21.96	32.44	171.3906
23/10/2008	14.0329	22.32	33.15	177.9727
22/10/2008	13.8386	21.53	35.23	179.6649
21/10/2008	13.07	23.36	38.05	183.2413
20/10/2008	14.0629	24.72	41.01	191.6116
17/10/2008	13.9143	23.93	39.71	188.1867
16/10/2008	14.5557	24.19	39.66	178.3263
15/10/2008	13.9929	22.66	38.61	171.33
14/10/2008	14.8686	24.1	40.47	183.2211
13/10/2008	15.7514	25.5	41.4	192.4703
10/10/2008	13.8286	21.5	37	167.7081
9/10/2008	12.6771	22.3	38.5	166.1826
8/10/2008	12.8271	23.01	40	170.7945
7/10/2008	12.7371	23.23	39.68	174.7852
6/10/2008	14.02	24.91	40.95	187.5148
3/10/2008	13.8671	26.32	43	195.4456
2/10/2008	14.3	26.25	43.26	197.254
1/10/2008	15.5886	26.48	44.97	207.9783
30/09/2008	16.2371	26.69	46.24	202.3206
29/09/2008	15.0371	25.01	44.55	192.4602
26/09/2008	18.32	27.4	47.81	217.7377
25/09/2008	18.8471	26.61	47.7	222.0617
24/09/2008	18.3871	25.72	46.78	219.7936
23/09/2008	18.12	25.44	46.88	216.8436
22/09/2008	18.7214	25.4	47.16	217.283
19/09/2008	20.13	25.16	48.26	226.8858
18/09/2008	19.1557	25.26	47.14	221.799
17/09/2008	18.2614	24.57	45.75	209.3775
16/09/2008	19.9829	25.99	48.41	223.7438
15/09/2008	20.0514	26.82	45.33	219.1622
12/09/2008	21.2771	27.62	46.97	221.0817
11/09/2008	21.8071	27.34	47.19	219.1066
10/09/2008	21.6586	26.44	46.76	209.2108
9/09/2008	21.6686	26.1	46.01	211.484
8/09/2008	22.56	26.12	45.74	212.1356
5/09/2008	22.8829	25.65	44.96	224.4106
4/09/2008	23.0314	26.35	44.46	227.4465
3/09/2008	23.8514	26.9	45.09	234.5943
2/09/2008	23.7414	27.1	46	235.0187
29/08/2008	24.2186	27.29	46.92	234.0286
28/08/2008	24.82	27.94	47.33	239.3276
27/08/2008	24.9528	27.56	46.8	236.7008
26/08/2008	24.8057	27.27	46.86	239.5195
25/08/2008	24.65	27.66	46.81	243.99
22/08/2008	25.2557	27.84	47.06	247.819
21/08/2008	24.8986	27.18	46.45	245.7681
20/08/2008	25.12	27.29	46.16	244.9953
19/08/2008	24.79	27.32	43.69	247.7736
18/08/2008	25.0557	27.69	44.6	251.7137
15/08/2008	25.1057	27.81	45.59	257.6997
14/08/2008	25.6171	27.91	45.5	255.3457
13/08/2008	25.6143	27.91	45.61	252.5876
12/08/2008	25.2471	28.12	45.68	253.8909
11/08/2008	24.7943	27.9	45.73	252.9968
8/08/2008	24.2214	28.13	45.82	250.0518
7/08/2008	23.3671	27.39	45.51	242.025
6/08/2008	23.4557	27.02	45.15	245.6722
5/08/2008	22.9486	26.21	45	242.3938
4/08/2008	21.89	25.28	43.94	233.8821
1/08/2008	22.38	25.44	43.96	236.3371
31/07/2008	22.7071	25.72	44.8	239.3124
30/07/2008	22.84	26.23	45.06	243.8334
29/07/2008	22.44	26.11	44.13	244.0406
28/07/2008	22.0571	25.5	43	241.0147
25/07/2008	23.16	26.16	43.71	248.5212
24/07/2008	22.7186	25.44	43.38	240.257
23/07/2008	23.7514	26.43	44.28	247.127
22/07/2008	23.1457	25.8	43.53	241.0097
21/07/2008	23.7557	25.64	43.35	236.8119
18/07/2008	23.5929	25.86	43.42	243.1363
17/07/2008	24.5443	27.52	43.23	269.4645
16/07/2008	24.6871	27.26	42.34	270.5556
15/07/2008	24.2343	26.15	41.65	260.7002
14/07/2008	24.84	25.15	41.79	263.4937
11/07/2008	24.6543	25.25	41.59	269.6463
10/07/2008	25.2328	25.45	41.45	273.0662
9/07/2008	24.8928	25.23	42.21	273.5612
8/07/2008	25.65	25.85	43.45	280.118
7/07/2008	25.0228	26.03	44	274.7534
3/07/2008	24.3028	25.98	43.44	271.2628
2/07/2008	24.0257	25.88	43.61	266.2316
1/07/2008	24.9543	26.87	44	270.1161
30/06/2008	23.92	27.51	44.21	265.9184
27/06/2008	24.2986	27.63	44.58	266.7519
26/06/2008	24.0371	27.75	44.67	267.1307
25/06/2008	25.3414	28.35	45.6	278.3348
24/06/2008	24.75	27.73	45.04	273.9401
23/06/2008	24.7371	27.97	45.51	275.4101
20/06/2008	25.0386	28.23	45.64	276.0263
19/06/2008	25.8428	28.93	46.59	282.9822
18/06/2008	25.5357	28.46	46.59	284.0834
17/06/2008	25.9186	28.8	47.34	287.6598
16/06/2008	25.2628	28.93	47.58	289.3521
13/06/2008	24.6243	29.07	47.45	288.6954
12/06/2008	24.7514	28.24	46.97	279.3199
11/06/2008	25.83	27.12	46.48	275.405
10/06/2008	26.52	27.89	47.57	279.9361
9/06/2008	25.9443	27.71	47.63	281.8052
6/06/2008	26.52	27.49	47.63	286.4172
5/06/2008	27.0614	28.3	48.51	296.1665
4/06/2008	26.4557	27.54	46.81	289.054
3/06/2008	26.4814	27.31	46.24	286.5687
2/06/2008	26.5857	27.8	46.25	290.4583
30/05/2008	26.9643	28.32	47.06	295.9139
29/05/2008	26.67	28.31	46.91	294.4995
28/05/2008	26.7157	28.18	46.52	287.0435
27/05/2008	26.6328	28.44	45.7	283.3358
23/05/2008	25.8814	28.05	44.96	275.112
22/05/2008	25.2928	28.47	44.9	277.5569
21/05/2008	25.4557	28.25	44.8	277.8246
20/05/2008	26.5571	28.76	46.46	292.2768
19/05/2008	26.2286	29.46	46.71	291.7313
16/05/2008	26.8029	29.99	47.29	293.0195
15/05/2008	27.1043	30.4501	46.73	293.4892
14/05/2008	26.6086	29.93	45.64	291.115
13/05/2008	27.1371	29.78	44.27	294.4995
12/05/2008	26.88	29.99	46.83	295.4795
9/05/2008	26.2071	29.39	49.13	289.5491
8/05/2008	26.4371	29.27	49.06	294.5045
7/05/2008	26.0843	29.21	48.65	292.4789
6/05/2008	26.6657	29.7	48.64	296.1968
5/05/2008	26.39	29.08	48.28	300.5107
2/05/2008	25.8486	29.24	48.36	293.6357
1/05/2008	25.7143	29.4	48.03	299.5913
30/04/2008	24.85	28.52	46.35	290.0997
29/04/2008	25.0071	28.64	47.84	282.1083
28/04/2008	24.6057	28.99	47.59	278.9006
25/04/2008	24.2471	29.83	47.45	274.8291
24/04/2008	24.1343	31.8	48.35	274.3139
23/04/2008	23.27	31.45	48.02	276.0566
22/04/2008	22.8857	30.25	48.17	280.3554
21/04/2008	24.0228	30.42	48.45	271.6619
18/04/2008	23.0057	30	48.18	272.4802
17/04/2008	22.07	29.22	47.31	227.0828
16/04/2008	21.9571	28.95	47.1	229.8561
15/04/2008	21.1971	28.25	45.82	225.7189
14/04/2008	21.1114	28.06	45.82	228.1537
11/04/2008	21.02	28.28	45.47	231.0785
10/04/2008	22.0786	29.11	46.57	236.9534
9/04/2008	21.6343	28.89	46.09	234.4832
8/04/2008	21.8343	28.75	46.07	236.3118
7/04/2008	22.27	29.16	45.92	240.8632
4/04/2008	21.8686	29.16	46.4	237.9687
3/04/2008	21.6586	29	46.96	229.9015
2/04/2008	21.07	29.16	47.23	235.246
1/04/2008	21.3614	29.4999	47.59	235.251
31/03/2008	20.5	28.38	45.66	222.5012
28/03/2008	20.43	27.91	46.09	221.2939
27/03/2008	20.0357	28.05	46.64	224.3247
26/03/2008	20.7229	28.56	47.34	231.4523
25/03/2008	20.14	29.14	48.26	227.7092
24/03/2008	19.9329	29.17	47.93	232.6495
20/03/2008	19.0386	29.18	46.5	219.0056
19/03/2008	18.5243	28.62	46.59	218.2226
18/03/2008	18.9743	29.42	47.93	221.8394
17/03/2008	18.1043	28.3	46.42	212.0952
14/03/2008	18.0871	27.96	45.92	221.2131
13/03/2008	18.2771	28.62	47.02	223.7842
12/03/2008	18.0043	28.63	47.27	222.3547
11/03/2008	18.1929	29.28	47.92	222.1829
10/03/2008	17.0986	28.05	46.71	208.938
7/03/2008	17.4643	27.87	47.31	218.9045
6/03/2008	17.2757	27.57	47.78	218.5762
5/03/2008	17.7843	28.1199	48.31	226.1533
4/03/2008	17.8029	27.59	48.45	224.5874
3/03/2008	17.39	26.99	47.6	230.8613
29/02/2008	17.86	27.1999	47.77	238.0142
28/02/2008	18.5586	27.93	48.55	240.1408
27/02/2008	17.5657	28.26	48.94	238.8628
26/02/2008	17.0214	28.38	49.2	234.4832
25/02/2008	17.1057	27.84	48.13	245.7227
22/02/2008	17.0657	27.68	47.4	256.5126
21/02/2008	17.3629	28.1	46.83	254.0172
20/02/2008	17.6886	28.22	47.44	257.1188
19/02/2008	17.4543	28.17	43.95	257.0935
15/02/2008	17.8043	28.42	43.87	267.5449
14/02/2008	18.2086	28.5	43.26	268.8634
13/02/2008	18.4857	28.96	44.05	270.0606
12/02/2008	17.8371	28.34	42.88	261.7105
11/02/2008	18.4929	28.21	42.63	263.2613
8/02/2008	17.9257	28.56	41.88	261.0033
7/02/2008	17.32	28.12	40.5	255.0729
6/02/2008	17.4286	28.52	42.16	253.4362
5/02/2008	18.48	29.07	42.98	256.0072
4/02/2008	18.8071	30.19	44.06	250.2639
1/02/2008	19.1071	30.4498	44.42	260.6043
31/01/2008	19.3371	32.6	43.72	285.0533
30/01/2008	18.8829	32.2	43.54	276.9558
29/01/2008	18.7914	32.6	43.38	278.0924
28/01/2008	18.5729	32.72	43.8	280.8505
25/01/2008	18.5729	32.94	43.74	286.1141
24/01/2008	19.3714	33.25	44.89	290.2007
23/01/2008	19.8674	31.93	43.19	277.1326
22/01/2008	22.2343	31.99	42.72	295.1814
18/01/2008	23.0514	33.01	43.75	303.2132
17/01/2008	22.9843	33.11	43	303.486
16/01/2008	22.8057	33.23	44.34	311.144
15/01/2008	24.1486	34	45.05	322.1056
14/01/2008	25.54	34.39	46.13	330.2738
11/01/2008	24.67	33.91	45	322.4087
10/01/2008	25.4314	34.33	45.34	326.6924
9/01/2008	25.6286	34.44	44.44	329.9606
8/01/2008	24.4643	33.45	43.19	319.0899
7/01/2008	25.3771	34.61	45.35	327.9653
4/01/2008	25.7214	34.38	46.87	331.8802
3/01/2008	27.8471	35.37	49.65	346.191
2/01/2008	27.8343	35.22	49.65	346.1202
31/12/2007	28.2971	35.6	50.48	349.2976
28/12/2007	28.5471	36.12	51.36	354.8794
27/12/2007	28.3671	35.97	51.61	353.9752
26/12/2007	28.4214	36.61	52.77	359.0772
24/12/2007	28.4	36.58	52.32	353.9702
21/12/2007	27.7014	36.06	52.03	351.9294
20/12/2007	26.7443	35.52	51.16	348.3934
19/12/2007	26.16	34.79	51.15	342.17
18/12/2007	26.14	34.74	51.02	340.1393
17/12/2007	26.3428	34.39	50.93	338.0581
14/12/2007	27.1986	35.31	52.14	348.5298
13/12/2007	27.4043	35.22	52.37	350.5958
12/12/2007	27.2657	34.47	51.53	353.2731
11/12/2007	26.9343	34.1	50.78	353.1993
10/12/2007	27.7443	34.76	51.97	362.9062
7/12/2007	27.7571	34.53	51.84	361.1129
6/12/2007	27.1361	34.55	52.21	361.3099
5/12/2007	26.5	34.15	51.66	352.8488
4/12/2007	25.6871	32.77	50.71	345.5999
3/12/2007	25.5514	32.92	50.44	344.2714
30/11/2007	26.0314	33.6	51.16	350.0654
29/11/2007	26.3271	33.59	51.05	352.086
28/11/2007	25.7457	33.7	50.73	349.6916
27/11/2007	24.9728	33.06	48.71	340.2505
26/11/2007	24.6488	32.97	48.16	336.4265
23/11/2007	24.5057	34.11	49.17	341.8316
21/11/2007	24.0657	34.23	48.88	333.6583
20/11/2007	24.1214	34.58	49.56	327.6067
19/11/2007	23.4214	33.96	49.44	316.1449
16/11/2007	23.77	34.09	50.75	320.075
15/11/2007	23.4714	33.76	48.9	318.0645
14/11/2007	23.73	33.93	49.07	324.1414
13/11/2007	24.28	34.46	49.5	333.6735
12/11/2007	21.9657	33.38	47.54	319.2869
9/11/2007	23.6243	33.73	48.39	335.4011
8/11/2007	25.0666	34.74	49.94	350.4897
7/11/2007	26.6143	35.52	51.84	370.2409
6/11/2007	27.3986	36.41	53.41	374.7114
5/11/2007	26.5971	36.73	52.54	366.5584
2/11/2007	26.8386	37.06	52.4	359.2843
1/11/2007	26.7771	37.06	51.5	355.2229
31/10/2007	27.1357	36.81	51.68	357.1374
30/10/2007	26.7143	35.57	51.59	350.9595
29/10/2007	26.4414	34.57	51.77	343.1096
26/10/2007	26.3857	35.03	52.47	340.7707
25/10/2007	26.1114	31.99	51.39	337.6944
24/10/2007	26.5614	31.25	51.6	341.387
23/10/2007	26.5943	30.9	51.86	341.3618
22/10/2007	24.9086	30.51	51.29	328.723
19/10/2007	24.3457	30.17	51.4	325.672
18/10/2007	24.7857	31.16	52.87	323.1008
17/10/2007	24.6786	31.08	52.54	319.9992
16/10/2007	24.2257	30.32	51.51	311.1693
15/10/2007	23.8543	30.04	51.24	313.2454
12/10/2007	23.8934	30.17	51.55	321.9743
11/10/2007	23.1757	29.91	51.61	314.2001
10/10/2007	23.8271	30.23	52.25	315.9126
9/10/2007	23.98	30.0999	52.46	310.7576
8/10/2007	23.9871	29.84	52.03	307.9464
5/10/2007	23.0643	29.84	50.9	300.0813
4/10/2007	22.32	29.71	50.47	292.4941
3/10/2007	22.56	29.4525	50.36	295.0147
2/10/2007	22.6357	29.7	51.04	295.2016
1/10/2007	22.3341	29.7701	50.98	294.2721
28/09/2007	21.9243	29.46	49.79	286.5535
27/09/2007	22.0714	29.49	50.27	286.6697
26/09/2007	21.8243	29.5	50.62	287.0031
25/09/2007	21.8829	29.5599	50.98	287.4274
24/09/2007	21.1829	29.08	50.24	286.9324
21/09/2007	20.5929	28.6499	50.53	282.9317
20/09/2007	20.0443	28.4201	50.1	279.2593
19/09/2007	20.11	28.67	49.78	276.2385
18/09/2007	20.1314	28.93	50.17	270.3889
17/09/2007	19.7729	28.725	49.14	265.3526
14/09/2007	19.83	29.04	48.38	267.0954
13/09/2007	19.6	29.16	48.77	265.0899
12/09/2007	19.55	28.93	48.76	264.014
11/09/2007	19.3557	28.93	49.87	263.3472
10/09/2007	19.53	28.48	49	259.8869
7/09/2007	18.8243	28.44	48.85	262.347
6/09/2007	19.2871	28.91	50.19	264.4535
5/09/2007	19.5371	28.48	50.1	266.6155
4/09/2007	20.5943	28.81	50.14	265.2768
31/08/2007	19.7829	28.73	49.35	260.2759
30/08/2007	19.4643	28.45	48.44	258.3311
29/08/2007	19.1543	28.59	48.42	259.0787
28/08/2007	18.1171	27.93	46.88	255.8054
27/08/2007	18.8929	28.49	47.79	259.2707
24/08/2007	19.3286	28.81	48.1	260.1496
23/08/2007	18.7243	28.3	47.65	258.7302
22/08/2007	18.93	28.22	46.42	259.013
21/08/2007	18.2243	28.07	46.01	255.9115
20/08/2007	17.46	28.26	46.58	251.5217
17/08/2007	17.4371	28.25	47.15	252.5927
16/08/2007	16.7214	27.81	46.05	248.2888
15/08/2007	17.1286	28.1	46.15	251.3348
14/08/2007	17.7186	28.27	47.28	256.9167
13/08/2007	18.2557	28.63	48.43	260.4022
10/08/2007	17.8571	28.71	47.21	260.5285
9/08/2007	18.0557	28.92	47.02	260.0132
8/08/2007	19.1443	30	49.4	265.5951
7/08/2007	19.29	29.55	48.48	260.6649
6/08/2007	19.3214	29.54	48.46	257.6239
3/08/2007	18.8357	28.9601	47.41	254.0879
2/08/2007	19.4986	29.52	48.23	258.1341
1/08/2007	19.2857	29.3	46.73	259.109
31/07/2007	18.8229	28.99	46.03	257.6239
30/07/2007	20.2043	29.4	46.14	260.7103
27/07/2007	20.55	29.3901	46.46	258.5786
26/07/2007	20.8571	29.98	47.1	256.6136
25/07/2007	19.6086	30.71	47.54	257.5027
24/07/2007	19.27	30.8	47.61	259.6445
23/07/2007	20.5286	31.19	48.43	258.8918
20/07/2007	20.5357	31.16	48.54	262.736
19/07/2007	20	31.51	48.4	277.1174
18/07/2007	19.7314	30.92	47.14	277.5771
17/07/2007	19.8443	30.7799	47.51	280.3554
16/07/2007	19.7286	30.03	47.44	279.3401
13/07/2007	19.6757	29.82	47.25	278.9208
12/07/2007	19.1528	30.07	47.35	275.4707
11/07/2007	18.9129	29.49	45.65	275.0362
10/07/2007	18.9071	29.33	44.94	274.4654
9/07/2007	18.6186	29.87	45.36	274.0714
6/07/2007	18.9	29.97	45.98	272.4752
5/07/2007	18.9643	29.99	45.9	273.6016
3/07/2007	18.1671	30.02	45.58	269.9191
2/07/2007	17.3229	29.74	45.19	267.9188
29/06/2007	17.4343	29.47	44.62	264.0393
28/06/2007	17.2229	29.83	44.61	265.2061
27/06/2007	17.4129	29.87	45.19	265.8527
26/06/2007	17.0929	29.52	44.64	267.8581
25/06/2007	17.4771	29.49	44.94	266.4235
22/06/2007	17.5714	29.49	45.18	265.191
21/06/2007	17.7	30.22	45.5	259.7
20/06/2007	17.3643	30.01	45.04	257.6087
19/06/2007	17.6657	30.46	45.9	259.8011
18/06/2007	17.87	30.51	45.89	260.2507
15/06/2007	17.2143	30.49	45.71	255.5478
14/06/2007	16.9643	30.52	45.67	254.0071
13/06/2007	16.7857	30.39	45.5	255.2194
12/06/2007	17.1971	29.85	45.06	254.982
11/06/2007	17.17	30.02	45.89	258.3008
8/06/2007	17.7843	30.05	45.78	260.3971
7/06/2007	17.7241	29.62	45.41	260.1799
6/06/2007	17.6629	30.29	46.03	261.7913
5/06/2007	17.5243	30.58	45.92	262.0894
4/06/2007	17.3329	30.715	45.98	256.1438
1/06/2007	16.9143	30.59	45.81	252.773
31/05/2007	17.313	30.6901	45.71	251.5162
30/05/2007	16.9671	31.11	45.67	251.8652
29/05/2007	16.3357	30.79	45.56	246.0611
25/05/2007	16.2314	30.48	45.62	244.2477
24/05/2007	15.8129	30.17	45.4	239.6054
23/05/2007	16.1271	30.58	45.63	239.4235
22/05/2007	16.22	30.69	45.58	240.3783
21/05/2007	15.9971	31.05	45.22	237.7212
18/05/2007	15.7171	30.83	44.58	237.5797
17/05/2007	15.6343	30.98	44.87	237.903
16/05/2007	15.3343	31.07	45.21	238.7365
15/05/2007	15.36	30.9	44.75	231.3564
14/05/2007	15.6229	30.97	45.02	233.2658
11/05/2007	15.5343	30.89	45.24	235.7713
10/05/2007	15.3343	30.58	44.67	233.1092
9/05/2007	15.2686	30.7799	44.93	237.0392
8/05/2007	15.0086	30.75	45.01	235.8067
7/05/2007	14.8457	30.71	43.8	236.0391
4/05/2007	14.4014	30.56	43.79	237.9839
3/05/2007	14.3429	30.97	42.83	239.0497
2/05/2007	14.3414	30.61	42.93	235.2864
1/05/2007	14.21	30.1925	42.92	236.913
30/04/2007	14.2571	29.94	42.14	238.1152
27/04/2007	14.2743	30.12	42.29	241.9695
26/04/2007	14.12	29.1	42.04	243.0656
25/04/2007	13.6211	28.99	41.87	241.4542
24/04/2007	13.32	28.79	41.65	241.2218
23/04/2007	13.3586	28.78	41.41	242.0048
20/04/2007	12.9957	29.02	41.37	243.7223
19/04/2007	12.8957	28.69	41.15	238.2516
18/04/2007	12.9143	28.6	40.98	240.454
17/04/2007	12.9071	28.85	41.21	238.8325
16/04/2007	13.0614	28.73	41.19	239.5751
13/04/2007	12.8914	28.61	41.18	235.544
12/04/2007	13.17	28.54	41.12	236.0997
11/04/2007	13.2271	28.11	40.73	234.655
10/04/2007	13.4643	28.4	40.72	235.6501
9/04/2007	13.3786	28.57	41.34	236.5139
5/04/2007	13.5257	28.55	41.8	238.1809
4/04/2007	13.4671	28.5	41.1	237.9334
3/04/2007	13.5	27.87	40.89	238.7315
2/04/2007	13.3786	27.74	40.31	231.6241
30/03/2007	13.2729	27.87	40.14	231.4372
29/03/2007	13.3929	27.75	40	232.8314
28/03/2007	13.32	27.64	39.79	233.3163
27/03/2007	13.6371	27.72	40.23	234.1953
26/03/2007	13.6929	28.22	40.44	234.8924
23/03/2007	13.36	28.02	40.43	233.2911
22/03/2007	13.4229	28.27	40.45	233.3971
21/03/2007	13.41	28.52	40.19	230.6239
20/03/2007	13.0686	27.84	39.61	224.9309
19/03/2007	13.0186	27.83	40.21	225.916
16/03/2007	12.7986	27.33	39.91	222.6931
15/03/2007	12.7957	27.28	39.7	225.3906
14/03/2007	12.8571	27.4	39.79	226.3049
13/03/2007	12.6286	26.72	39.55	223.7943
12/03/2007	12.8386	27.44	40.37	229.7146
9/03/2007	12.5671	27.28	40.11	228.8104
8/03/2007	12.5714	27.32	40.27	229.6995
7/03/2007	12.5314	27.61	40.17	230.1642
6/03/2007	12.5986	27.83	39.43	231.129
5/03/2007	12.3314	27.5499	38.75	222.7411
2/03/2007	12.2014	27.76	38.67	221.597
1/03/2007	12.4371	28.09	38.93	226.4211
28/02/2007	12.0871	28.17	39.35	227.0374
27/02/2007	11.99	27.87	38.92	226.6939
26/02/2007	12.6643	29.07	40.29	234.857
23/02/2007	12.7243	28.9	40.82	237.7313
22/02/2007	12.7871	29.39	40.78	240.3732
21/02/2007	12.7429	29.35	41.1	240.3783
20/02/2007	12.2714	28.83	43.13	238.4789
16/02/2007	12.1186	28.74	42.77	237.3878
15/02/2007	12.1729	29.46	42.68	233.1092
14/02/2007	12.1857	29.4	42.83	235.3622
13/02/2007	12.1	29.01	42.59	231.912
12/02/2007	12.1257	28.94	42.1	231.5029
9/02/2007	11.8957	28.98	42.23	233.3214
8/02/2007	12.3114	29.26	42.47	237.9384
7/02/2007	12.3071	29.37	42.3	237.4232
6/02/2007	12.0214	29.51	42.01	238.1657
5/02/2007	11.9914	29.61	42.81	235.9835
2/02/2007	12.1071	30.19	42.07	243.2273
1/02/2007	12.1057	30.56	42.36	243.3536
31/01/2007	12.2471	30.86	43.28	253.3302
30/01/2007	12.2214	30.48	43.11	249.7032
29/01/2007	12.2771	30.53	42.42	248.7687
26/01/2007	12.1971	30.6	41.69	250.471
25/01/2007	12.3214	30.45	41.71	246.5562
24/01/2007	12.3857	31.09	42.39	252.1027
23/01/2007	12.2429	30.74	42.31	241.9897
22/01/2007	12.3986	30.72	42.02	242.8939
19/01/2007	12.6429	31.11	42	247.3947
18/01/2007	12.7243	31	42.34	246.4248
17/01/2007	13.5643	31.1	42.49	251.1985
16/01/2007	13.8714	31.16	43.2	254.7345
12/01/2007	13.5171	31.21	43.53	255.0982
11/01/2007	13.6857	30.7	42.64	252.431
10/01/2007	13.8571	29.66	42.2	247.2482
9/01/2007	13.2243	29.96	42.2	245.2478
8/01/2007	12.21	29.93	41.97	244.278
5/01/2007	12.15	29.64	42.2	246.1015
4/01/2007	12.2371	29.81	41.68	244.1163
3/01/2007	11.9714	29.86	41.62	236.2007
29/12/2006	12.12	29.86	41.19	232.6091
28/12/2006	11.5529	29.98	41.36	233.6598
27/12/2006	11.6457	30.02	41.6	236.423
26/12/2006	11.6443	29.99	40.93	231.1189
22/12/2006	11.7429	29.64	40.63	230.1339
21/12/2006	11.8429	29.98	40.8	230.4471
20/12/2006	12.1086	30.09	41.34	233.8316
19/12/2006	12.33	29.99	40.43	236.7261
18/12/2006	12.21	29.89	40.03	233.7811
15/12/2006	12.5314	30.19	39.94	242.6211
14/12/2006	12.65	30.07	39.91	243.5405
13/12/2006	12.7214	29.55	39.67	241.9594
12/12/2006	12.3057	29.43	39.83	243.3687
11/12/2006	12.6786	29.54	40.01	244.4548
8/12/2006	12.6086	29.4	39.64	244.5457
7/12/2006	12.4343	28.85	39.86	243.8031
6/12/2006	12.8329	28.99	40.14	246.8694
5/12/2006	13.0386	29.13	39.91	246.0056
4/12/2006	13.0171	29.33	39.86	244.9195
1/12/2006	13.0457	29.12	39.44	242.8737
30/11/2006	13.0943	29.36	39.46	244.8993
29/11/2006	13.1143	29.57	39.39	244.8185
28/11/2006	13.1157	29.39	38.87	247.2684
27/11/2006	12.7914	29.48	38.64	244.869
24/11/2006	13.09	29.76	39.56	255.0982
22/11/2006	12.9014	29.92	39.72	256.6187
21/11/2006	12.6571	29.92	39.99	257.4471
20/11/2006	12.3529	29.89	39.71	250.072
17/11/2006	12.2643	29.4	39.77	251.9612
16/11/2006	12.23	29.47	40.13	250.5014
15/11/2006	12.0071	29.12	39.79	248.4959
14/11/2006	12.1429	29.2285	40.67	247.1674
13/11/2006	12.05	29.35	40.22	242.9899
10/11/2006	11.8743	29.24	39.99	239.2114
9/11/2006	11.9057	29.26	39.56	238.7466
8/11/2006	11.7786	28.98	38.88	239.9438
7/11/2006	11.5014	28.95	38.7	238.7163
6/11/2006	11.3871	28.84	38.73	240.9289
3/11/2006	11.1843	28.73	38.22	238.3264
2/11/2006	11.2829	28.77	38.59	237.3726
1/11/2006	11.3086	28.81	38.55	236.1552
31/10/2006	11.5829	28.71	38.74	240.646
30/10/2006	11.4886	28.53	38.92	240.7369
27/10/2006	11.4871	28.34	38.46	240.0449
26/10/2006	11.7414	28.35	39.17	245.0458
25/10/2006	11.6686	28.31	39.17	245.804
24/10/2006	11.5786	28.28	39.44	239.0901
23/10/2006	11.6371	28.45	39.87	242.8636
20/10/2006	11.4214	28.43	39.38	232.2
19/10/2006	11.2843	28.29	39.56	215.222
18/10/2006	10.6471	28.52	39.01	211.8123
17/10/2006	10.6129	28.44	39.06	212.4842
16/10/2006	10.7714	28.45	38.76	213.0449
13/10/2006	10.7171	28.37	38.86	215.8484
12/10/2006	10.7514	28.22	38.42	215.9191
11/10/2006	10.4614	27.54	37.87	215.4443
10/10/2006	10.5443	27.69	37.93	215.5201
9/10/2006	10.6614	27.72	38	216.7072
6/10/2006	10.6029	27.87	37.72	212.4134
5/10/2006	10.69	27.92	37.84	208.0237
4/10/2006	10.7686	27.94	38.02	209.9887
3/10/2006	10.5829	27.37	37.42	204.0987
2/10/2006	10.6943	27.36	37.66	202.7854
29/09/2006	10.9971	27.35	36.69	203.0177
28/09/2006	11.0014	27.4	35.97	203.8664
27/09/2006	10.9157	27.44	35.39	203.533
26/09/2006	11.0871	27.2	35.7	205.5283
25/09/2006	10.8214	26.95	35.71	204.0684
22/09/2006	10.4286	26.66	35.11	203.9674
21/09/2006	10.6643	26.9	34.87	205.5182
20/09/2006	10.7514	27.18	36.78	200.5425
19/09/2006	10.5386	26.86	36.35	203.9826
18/09/2006	10.5557	26.79	36.4	209.4785
15/09/2006	10.5857	26.85	36.18	207.0488
14/09/2006	10.5957	26.33	36.25	204.0684
13/09/2006	10.6	25.98	36.37	205.3768
12/09/2006	10.3757	25.93	36.92	197.9663
11/09/2006	10.3571	25.91	36.36	194.0211
8/09/2006	10.36	25.6	36.17	190.869
7/09/2006	10.4	25.43	35.42	191.1923
6/09/2006	10.0043	25.61	35.84	192.0258
5/09/2006	10.2114	25.61	36.46	194.1575
1/09/2006	9.7686	25.84	36.53	191.2479
31/08/2006	9.6929	25.7	36.56	191.2125
30/08/2006	9.5657	25.8	36	192.3339
29/08/2006	9.4971	25.84	35.76	191.4247
28/08/2006	9.5686	25.95	35.28	192.4349
25/08/2006	9.8214	25.85	35.23	188.5504
24/08/2006	9.6871	25.74	35.38	188.7878
23/08/2006	9.6157	25.67	35.26	188.6363
22/08/2006	9.66	25.62	35.02	191.0913
21/08/2006	9.5086	26.12	34.89	190.5912
18/08/2006	9.7014	25.79	35.52	193.6523
17/08/2006	9.6557	24.7	35.15	194.8849
16/08/2006	9.7114	24.7	34.43	195.8548
15/08/2006	9.4929	24.62	33.99	192.4451
14/08/2006	9.1343	24.53	33.29	186.6157
11/08/2006	9.0929	24.43	33.05	186.1459
10/08/2006	9.1529	24.46	33.01	189.0252
9/08/2006	9.0843	24.44	33.06	190.4093
8/08/2006	9.2543	24.34	32.89	192.4602
7/08/2006	9.6014	24.22	32.74	190.9195
4/08/2006	9.7571	24.29	32.44	188.8484
3/08/2006	9.9414	24.21	32.59	189.6263
2/08/2006	9.7371	24.3	32.5	185.5044
1/08/2006	9.5971	23.99	31.67	189.687
31/07/2006	9.7086	24.06	31.91	195.289
28/07/2006	9.37	24.25	32.11	196.0568
27/07/2006	9.0571	23.87	32.19	193.1674
26/07/2006	9.1243	24.37	31.75	194.7334
25/07/2006	8.8469	24.22	31.33	196.6832
24/07/2006	8.7743	24	31.07	197.4611
21/07/2006	8.6743	23.87	30.52	197.0611
20/07/2006	8.6429	22.85	31.8	195.5517
19/07/2006	7.7286	23.4	32.25	201.5528
18/07/2006	7.5571	22.74	30.95	203.5987
17/07/2006	7.4814	22.48	31.2	206.0436
14/07/2006	7.2386	22.29	30.76	203.826
13/07/2006	7.4643	22.26	31.22	206.5184
12/07/2006	7.5657	22.64	31.67	210.7717
11/07/2006	7.95	23.1	32.54	214.4643
10/07/2006	7.8571	23.5	31.93	211.2516
7/07/2006	7.9143	23.3	32.85	212.3882
6/07/2006	7.9671	23.48	33.1	213.7723
5/07/2006	8.1431	23.35	32.77	212.8984
3/07/2006	8.2786	23.7	32.51	213.7773
30/06/2006	8.1814	23.3	31.68	211.8224
29/06/2006	8.4243	23.4702	32.03	211.0546
28/06/2006	8.0029	23.16	31.59	205.1444
27/06/2006	8.2043	22.86	31.94	203.2299
26/06/2006	8.4271	22.82	32.49	204.1897
23/06/2006	8.4043	22.5	32.66	204.513
22/06/2006	8.5114	22.88	32.97	202.0327
21/06/2006	8.2657	23.08	33.74	203.1339
20/06/2006	8.21	22.56	32.86	195.577
19/06/2006	8.1714	22.55	33.57	196.0669
16/06/2006	8.2229	22.1	33.04	197.3601
15/06/2006	8.4829	22.07	31.88	197.5117
14/06/2006	8.23	21.88	30.14	194.1726
13/06/2006	8.3329	21.51	29.79	195.2511
12/06/2006	8.1429	21.71	29.87	192.733
9/06/2006	8.4629	21.92	29.94	195.2739
8/06/2006	8.68	22.11	30.06	198.6735
7/06/2006	8.3664	22.04	30.93	195.2436
6/06/2006	8.5319	22.13	30.9	197.0015
5/06/2006	8.5714	22.5	31.59	189.1465
2/06/2006	8.8086	22.76	32.4	191.6722
1/06/2006	8.8814	22.82	32.43	193.2785
31/05/2006	8.5386	22.65	32.38	187.823
30/05/2006	8.7457	23.15	31.92	187.8836
26/05/2006	9.0784	23.72	32.54	192.637
25/05/2006	9.19	23.74	32.27	193.4654
24/05/2006	9.0486	23.5	32.37	192.5865
23/05/2006	9.0214	22.79	32.11	189.7223
22/05/2006	9.0543	22.88	32.18	187.3835
19/05/2006	9.2157	22.56	32.02	186.9137
18/05/2006	9.0257	22.83	32.48	187.4037
17/05/2006	9.3229	22.73	32.16	189.1768
16/05/2006	9.2829	23.01	31.11	187.5603
15/05/2006	9.6843	23.15	31.63	190.0355
12/05/2006	9.6714	23.17	32.13	188.9899
11/05/2006	9.7357	23.22	32.53	195.4911
10/05/2006	10.0857	23.77	33.08	203.5633
9/05/2006	10.1471	23.62	33.12	206.5032
8/05/2006	10.27	23.73	33.79	199.4211
5/05/2006	10.27	23.8	33.87	199.1786
4/05/2006	10.1614	23.44	33.29	199.4059
3/05/2006	10.1629	23.17	32.84	199.113
2/05/2006	10.2314	24.01	32.32	199.4312
1/05/2006	9.9429	24.29	32.64	201.5023
28/04/2006	10.0557	24.15	32.47	211.1203
27/04/2006	9.9086	27.25	33.26	212.176
26/04/2006	9.7357	27.1	32.8	215.1766
25/04/2006	9.4529	27.11	33.01	215.7777
24/04/2006	9.3929	27.11	32.9	222.5163
21/04/2006	9.5771	27.15	32.96	220.7988
20/04/2006	9.6614	27.03	33.81	209.6351
19/04/2006	9.3786	27.03	32.99	207.362
18/04/2006	9.46	27.22	33.48	204.1998
17/04/2006	9.2587	26.84	32.03	205.503
13/04/2006	9.4956	27.07	32.62	203.1491
12/04/2006	9.53	27.2	32.33	206.579
11/04/2006	9.7129	27.13	32.54	206.9377
10/04/2006	9.81	27.29	33.1	210.3322
7/04/2006	9.97	27.25	33.37	205.1697
6/04/2006	10.1771	27.56	34.1	207.7055
5/04/2006	9.6014	27.74	34.36	206.0941
4/04/2006	8.7386	27.64	33.69	204.2503
3/04/2006	8.95	27.56	33.53	196.855
31/03/2006	8.96	27.21	32.9	197.0065
30/03/2006	8.9643	27.23	32.57	196.2185
29/03/2006	8.9043	27.02	32.72	199.5221
28/03/2006	8.3871	26.9	32.07	190.5407
27/03/2006	8.5014	27.01	33.11	186.747
24/03/2006	8.5657	27.01	33.17	184.782
23/03/2006	8.5943	26.85	33	172.704
22/03/2006	8.81	27.15	33.36	171.8604
21/03/2006	8.83	27.74	33.54	171.7089
20/03/2006	9.1414	27.89	33.96	175.8864
17/03/2006	9.2371	27.5	34.16	171.6432
16/03/2006	9.1871	27.27	33.86	171.1279
15/03/2006	9.4614	27.36	33.89	174.0224
14/03/2006	9.6171	27.23	33.4	177.3867
13/03/2006	9.3829	27.11	33.22	170.2641
10/03/2006	9.0271	27.17	32.99	170.4864
9/03/2006	9.1329	27	32.76	173.2647
8/03/2006	9.38	27.25	32.68	178.7607
7/03/2006	9.4729	27.06	32.96	184.1001
6/03/2006	9.3543	26.91	32.86	185.9438
3/03/2006	9.6743	26.93	33.26	191.0357
2/03/2006	9.9443	26.97	34.19	190.1618
1/03/2006	9.8714	27.14	34.05	184.2769
28/02/2006	9.7843	26.87	32.81	183.1756
27/02/2006	10.1414	27.05	33.41	197.1959
24/02/2006	10.2086	26.63	32.02	190.6417
23/02/2006	10.25	26.66	32.37	190.9801
22/02/2006	10.1886	26.72	32.94	184.6254
21/02/2006	9.8686	26.54	32.51	185.1811
17/02/2006	10.0414	26.7	34.07	186.2722
16/02/2006	10.0814	26.81	34.02	185.1154
15/02/2006	9.8886	26.88	31.67	172.9515
14/02/2006	9.6636	26.65	32.49	173.4263
13/02/2006	9.2443	26.39	31.74	174.6286
10/02/2006	9.6157	26.69	31.51	183.1706
9/02/2006	9.2786	26.66	31.6	181.2308
8/02/2006	9.83	26.91	32.01	186.4389
7/02/2006	9.6571	26.94	30.37	185.8529
6/02/2006	9.6143	27.17	30.27	194.5313
3/02/2006	10.2639	27.54	30.56	192.7406
2/02/2006	10.3	27.68	30.91	200.0576
1/02/2006	10.7743	28.04	31.23	202.9571
31/01/2006	10.7871	28.15	31.18	218.556
30/01/2006	10.7143	28	31.28	215.6059
27/01/2006	10.29	27.79	31.29	218.9753
26/01/2006	10.3329	26.5	31.6	219.3667
25/01/2006	10.6	26.4	32.11	218.7277
24/01/2006	10.8629	26.28	31.37	223.7943
23/01/2006	11.0957	26.35	31.34	215.9494
20/01/2006	10.8699	26.41	31.74	201.7852
19/01/2006	11.2907	27.02	32.24	220.468
18/01/2006	11.7843	26.83	31.67	224.744
17/01/2006	12.1014	26.99	31.66	235.9582
13/01/2006	12.2271	27.19	31.9	235.5238
12/01/2006	12.0416	27.14	31.02	234.2003
11/01/2006	11.9857	27.29	31.34	238.2415
10/01/2006	11.5514	27	30.78	237.2969
9/01/2006	10.8643	26.86	30.62	235.8522
6/01/2006	10.9	26.91	30.24	235.2258
5/01/2006	10.6257	26.99	29.4	227.9416
4/01/2006	10.71	26.97	29.61	224.9107
3/01/2006	10.6786	26.84	28.77	219.8542
30/12/2005	10.27	26.15	28.63	209.5644
29/12/2005	10.2071	26.27	28.74	212.2366
28/12/2005	10.51	26.39	28.8	215.5403
27/12/2005	10.6043	26.46	28.74	214.5047
23/12/2005	10.4786	26.64	28.77	217.6821
22/12/2005	10.5743	26.59	28.9	218.2428
21/12/2005	10.5	26.73	28.77	215.3584
20/12/2005	10.3014	26.86	28.85	217.081
19/12/2005	10.1971	26.83	28.87	214.4845
16/12/2005	10.1586	26.9	28.92	217.2881
15/12/2005	10.3114	26.92	29.2	213.4389
14/12/2005	10.2871	27.09	29.61	211.6355
13/12/2005	10.7114	27.1301	29.07	210.8929
12/12/2005	10.7014	27.45	29.97	208.4288
9/12/2005	10.6186	27.71	29.92	206.7053
8/12/2005	10.5829	27.69	29.23	207.4378
7/12/2005	10.5643	27.75	29.52	204.1897
6/12/2005	10.5786	27.69	29.62	204.3513
5/12/2005	10.26	27.85	29.79	205.0131
2/12/2005	10.3757	28.01	29.23	210.999
1/12/2005	10.2286	27.89	29.56	209.1755
30/11/2005	9.6886	27.68	29.67	204.5395
29/11/2005	9.7286	27.68	29.96	203.8462
28/11/2005	9.9514	27.75	29.96	213.9188
25/11/2005	9.9057	27.76	29.73	216.5152
23/11/2005	9.5871	27.92	29.38	213.6056
22/11/2005	9.5029	27.91	29.35	210.3777
21/11/2005	9.28	28.16	29.28	206.7861
18/11/2005	9.2229	28.07	29.4	202.164
17/11/2005	9.2171	27.97	29	203.8007
16/11/2005	9.2786	27.74	28.27	201.1234
15/11/2005	8.8971	27.5	28.12	198.4209
14/11/2005	8.7786	27.35	28.2	200.5274
11/11/2005	8.7914	27.28	28.52	197.2086
10/11/2005	8.74	27.09	28.27	197.5622
9/11/2005	8.5871	26.96	28.23	191.5257
8/11/2005	8.5571	27.0495	28.54	196.956
7/11/2005	8.6043	27.01	28.73	199.5474
4/11/2005	8.7357	26.66	28.53	197.2237
3/11/2005	8.8357	26.44	28.74	194.9607
2/11/2005	8.5643	26.46	28.79	191.7934
1/11/2005	8.2143	25.96	28.28	191.6419
31/10/2005	8.2271	25.7	28.04	187.9846
28/10/2005	7.7814	25.53	27.96	180.9277
27/10/2005	7.9157	24.85	26.8	178.3465
26/10/2005	8.1471	25.1101	26.96	179.5487
25/10/2005	8.0143	25.03	27.48	175.2398
24/10/2005	8.1129	25.1	28.25	176.1188
21/10/2005	7.9514	24.78	27.57	171.6988
20/10/2005	8.02	24.79	27.42	153.1599
19/10/2005	7.8486	25.09	27.64	155.9382
18/10/2005	7.4586	24.57	27.73	153.2003
17/10/2005	7.6343	24.53	27.38	154.0692
14/10/2005	7.7143	24.67	27.54	149.5936
13/10/2005	7.6771	24.59	27.24	150.2503
12/10/2005	7.0357	24.3	27.3	152.0335
11/10/2005	7.37	24.41	27.24	154.6249
10/10/2005	7.1957	24.46	26.67	156.9233
7/10/2005	7.3286	24.59	27.1	158.1053
6/10/2005	7.3857	24.73	26.89	157.9841
5/10/2005	7.54	24.67	27.47	156.9536
4/10/2005	7.6786	24.98	28.55	157.1001
3/10/2005	7.7771	25.5	28.9	160.9796
30/09/2005	7.6586	25.73	29.2	159.8582
29/09/2005	7.4771	25.94	28.94	156.403
28/09/2005	7.2971	25.67	28.52	154.5743
27/09/2005	7.6343	25.34	28.37	158.5852
26/09/2005	7.6914	25.27	28.94	158.7569
23/09/2005	7.6	25.27	28.47	159.3025
22/09/2005	7.4143	25.34	28.01	157.287
21/09/2005	7.4443	25.49	28.09	157.5547
20/09/2005	7.5986	25.84	28.28	155.5392
19/09/2005	7.52	26	28.88	153.458
16/09/2005	7.3157	26.07	28.34	151.6445
15/09/2005	7.1243	26.27	27.87	152.8669
14/09/2005	7.0871	26.31	27.5	153.0589
13/09/2005	7.26	26.48	27.53	157.4436
12/09/2005	7.3429	26.61	27.74	156.4636
9/09/2005	7.33	26.58	27.81	151.0838
8/09/2005	7.1114	26.61	27.85	149.2148
7/09/2005	6.9543	26.85	27.46	148.9521
6/09/2005	6.9714	27	27.25	145.0322
2/09/2005	6.6029	27.02	27.6	145.709
1/09/2005	6.6086	27.2	27.9	144.5977
31/08/2005	6.6986	27.38	27.76	144.4714
30/08/2005	6.6529	27.18	27.1	145.113
29/08/2005	6.5486	27.15	26.69	145.709
26/08/2005	6.5343	26.97	27.01	143.249
25/08/2005	6.58	27.03	26.9	142.7489
24/08/2005	6.5386	26.81	26.72	142.7388
23/08/2005	6.5343	26.87	26.71	141.2284
22/08/2005	6.5529	26.91	26.53	138.4148
19/08/2005	6.5471	26.72	26.49	141.4406
18/08/2005	6.6143	26.82	26.65	141.4355
17/08/2005	6.7357	26.95	26.82	144.0168
16/08/2005	6.6071	26.74	23.7	144.2946
15/08/2005	6.8114	27.13	24.09	143.4612
12/08/2005	6.5857	27.05	24.03	146.3511
11/08/2005	6.2857	27.27	24.18	143.4864
10/08/2005	6.1971	26.95	24.14	144.3098
9/08/2005	6.26	27.35	24.55	147.2851
8/08/2005	6.0929	27.13	24.61	147.1235
5/08/2005	6.1414	27.76	24.68	147.6791
4/08/2005	6.1014	27.32	24.46	150.3968
3/08/2005	6.1743	27.25	24.61	150.1796
2/08/2005	6.17	26.81	24.32	151.1343
1/08/2005	6.1071	25.92	24.5	147.3053
29/07/2005	6.0929	25.61	24.62	145.3605
28/07/2005	6.2571	25.75	24.49	148.26
27/07/2005	6.2843	25.72	24.78	149.9927
26/07/2005	6.2329	25.54	24.36	149.5684
25/07/2005	6.2586	25.69	24.3	149.4471
22/07/2005	6.2857	25.68	24.18	152.7558
21/07/2005	6.1843	26.44	24.29	158.5852
20/07/2005	6.2329	26.19	24.73	157.6052
19/07/2005	6.17	26.16	24.52	156.5444
18/07/2005	5.9271	25.55	24.92	151.3111
15/07/2005	5.9357	25.79	24.94	152.1446
14/07/2005	5.8214	25.97	24.62	151.993
13/07/2005	5.4786	25.66	24.42	150.9676
12/07/2005	5.4629	25.61	24.11	147.3932
11/07/2005	5.4429	25.29	24.13	148.1843
8/07/2005	5.4643	25.09	24.28	149.6391
7/07/2005	5.3757	24.65	24.15	149.2905
6/07/2005	5.3414	24.7	23.96	147.2624
5/07/2005	5.4257	24.98	23.71	149.3764
1/07/2005	5.2143	24.71	23.48	147.1235
30/06/2005	5.2586	24.84	23.51	148.5884
29/06/2005	5.1957	25.09	24.07	147.866
28/06/2005	5.33	25.07	23.66	152.5538
27/06/2005	5.3	25.05	23.51	153.6146
24/06/2005	5.3943	25.04	23.8	150.1543
23/06/2005	5.5557	25.31	24.39	146.3455
22/06/2005	5.5071	25.07	24.5	146.1384
21/06/2005	5.4086	25.15	24.61	145.4009
20/06/2005	5.3729	25.11	23.85	144.825
17/06/2005	5.4729	25.04	23.91	141.5921
16/06/2005	5.4257	25.04	23.9	140.1474
15/06/2005	5.3043	25.26	23.88	138.8138
14/06/2005	5.1429	25.36	23.85	140.6071
13/06/2005	5.1286	25.31	23.89	142.8297
10/06/2005	5.1157	25.43	23.5	142.7034
9/06/2005	5.3786	25.51	22.76	144.628
8/06/2005	5.2743	25.4	22.43	141.2183
7/06/2005	5.22	25.51	22.51	148.0681
6/06/2005	5.4171	25.37	22.58	146.9669
3/06/2005	5.4629	25.43	22.72	141.5719
2/06/2005	5.72	25.79	22.68	145.4312
1/06/2005	5.7571	25.81	22.68	145.4817
31/05/2005	5.6799	25.8	22.51	140.0615
27/05/2005	5.7943	26.07	22.77	134.3685
26/05/2005	5.82	25.9	23	130.9336
